-13.330915 7.8146744 10.879252
-15.016433 9.653421 13.330915
-17.161638 10.266336 18.847157
-12.717999 15.016433 18.693928
-1.2258313 18.693928 18.847157
5.5162406 18.693928 18.847157
11.645397 18.693928 18.847157
16.242264 18.693928 18.847157
19.153614 17.621325 16.242264
19.153614 16.701952 13.177686
19.153614 14.097059 11.492168
19.153614 11.18571 9.500193
19.153614 7.3549876 9.80665
19.153614 1.8387469 9.653421
18.23424 -1.9919758 9.193734
16.089035 -4.596867 6.2823853
13.9438305 -6.435614 4.903325
12.105083 -7.8146744 5.209783
10.419566 -10.113108 5.9759274
6.2823853 -12.564771 4.1371803
4.7500963 -12.717999 3.371036
2.4516625 -12.871228 6.435614
-0.30645782 -12.717999 9.193734
-3.9839516 -12.717999 8.887277
-7.5082164 -10.419566 7.201759
-10.726024 -6.588843 18.847157
-16.242264 -5.209783 18.540697
-18.23424 1.2258313 18.847157
-16.85518 5.9759274 18.847157
-14.097059 11.33894 18.847157
-9.959879 14.097059 18.847157
-4.1371803 18.693928 18.847157
0.45968673 18.693928 18.847157
6.895301 18.693928 18.847157
9.500193 18.387468 18.847157
9.346964 12.258312 16.548721
11.645397 9.346964 13.330915
13.790602 9.653421 11.33894
13.330915 9.040505 8.734048
11.645397 5.8226986 8.121132
