-11.645397 2.9113493 8.580819
-17.468096 6.435614 8.887277
-17.621325 7.967903 12.411542
-16.395493 11.492168 15.47612
-15.1696615 13.9438305 15.1696615
-9.959879 18.387468 17.161638
0.15322891 18.693928 18.847157
6.129156 18.693928 18.693928
9.653421 18.693928 16.242264
13.177686 18.540697 15.016433
15.016433 15.935806 12.871228
16.395493 12.717999 11.33894
15.322891 9.500193 9.80665
15.1696615 6.895301 7.6614456
16.395493 6.2823853 6.435614
17.314867 5.056554 6.588843
17.161638 2.1452048 6.435614
16.548721 0.45968673 4.7500963
13.790602 -2.2984335 4.1371803
10.419566 -4.2904096 3.6774938
8.887277 -6.2823853 3.371036
6.588843 -9.040505 4.903325
4.2904096 -10.266336 4.1371803
2.7581203 -10.113108 3.8307228
0.7661445 -9.80665 3.6774938
-1.685518 -11.032481 5.5162406
-7.6614456 -8.580819 7.201759
-11.492168 -4.903325 11.032481
-18.23424 -5.209783 14.250289
-18.387468 1.532289 16.242264
-16.548721 6.129156 17.621325
-9.959879 14.097059 18.847157
-6.895301 18.693928 18.847157
-6.129156 18.693928 18.847157
-1.685518 18.693928 18.847157
2.1452048 18.693928 18.847157
3.217807 18.693928 18.847157
3.9839516 16.701952 17.621325
9.346964 15.935806 15.47612
12.411542 15.629349 12.411542
12.105083 12.717999 10.726024
