-3.8307228 7.967903 5.9759274
-5.056554 8.121132 6.435614
-6.2823853 6.588843 7.6614456
-7.0485296 6.435614 8.887277
-6.742072 9.653421 9.040505
-6.435614 9.653421 10.726024
-5.5162406 11.492168 11.951855
-3.6774938 14.863204 10.572795
-1.0726024 15.629349 10.266336
-1.0726024 15.935806 8.887277
0.30645782 15.629349 7.8146744
1.0726024 16.701952 7.6614456
1.685518 16.242264 8.734048
3.371036 14.863204 9.80665
4.903325 13.024457 10.419566
4.7500963 10.726024 9.193734
5.209783 9.653421 7.5082164
5.363012 9.040505 6.129156
6.129156 8.580819 4.596867
7.0485296 8.274361 4.4436383
6.895301 7.0485296 4.7500963
7.6614456 6.2823853 3.371036
9.040505 6.895301 3.8307228
8.42759 5.66947 3.371036
8.274361 4.7500963 2.7581203
7.5082164 3.064578 1.8387469
6.895301 3.064578 1.0726024
6.895301 2.7581203 0.45968673
5.363012 1.9919758 -0.45968673
4.596867 1.9919758 0.45968673
3.5242648 1.685518 -0.15322891
0.61291564 0.45968673 0.15322891
-0.45968673 -0.30645782 0.30645782
-1.3790601 -0.7661445 1.3790601
-2.2984335 0.15322891 1.3790601
-3.217807 1.685518 1.0726024
-6.742072 -0.7661445 4.903325
-7.8146744 -0.7661445 6.588843
-8.274361 1.3790601 6.129156
-8.121132 3.371036 5.66947
-8.734048 1.3790601 7.201759
-8.734048 4.903325 10.572795
-8.121132 8.580819 11.18571
-8.734048 8.274361 8.887277
-7.6614456 10.419566 11.951855
-5.8226986 15.1696615 14.5567465
-6.588843 15.935806 13.330915
-6.588843 12.564771 12.717999
-2.7581203 16.85518 14.097059
0.45968673 18.693928 15.7825775
-0.91937345 14.863204 12.411542
-0.61291564 11.032481 10.419566
2.6048915 11.951855 10.266336
5.363012 14.709975 10.572795
4.4436383 8.121132 7.3549876
6.588843 8.274361 7.6614456
7.967903 11.18571 5.9759274
4.903325 8.121132 3.9839516
3.5242648 5.209783 3.9839516
4.4436383 6.588843 4.903325
6.435614 9.193734 4.1371803
