0.30645782 7.201759 5.209783
-1.685518 6.129156 4.7500963
-3.217807 6.129156 6.129156
-6.742072 8.274361 7.6614456
-8.580819 7.967903 7.967903
-7.201759 11.798626 11.645397
-4.903325 16.395493 10.879252
-3.064578 18.693928 11.951855
-1.2258313 18.693928 12.564771
1.2258313 18.693928 13.637373
5.056554 18.693928 13.484144
11.33894 15.629349 11.492168
11.798626 13.177686 9.040505
11.492168 9.80665 7.8146744
11.645397 5.5162406 5.8226986
11.18571 3.064578 5.209783
10.266336 1.9919758 3.5242648
10.266336 0.91937345 3.371036
9.653421 -0.30645782 3.064578
8.580819 -1.9919758 1.685518
7.6614456 -2.1452048 -0.15322891
6.895301 -2.4516625 -0.15322891
6.588843 -2.1452048 -0.7661445
5.056554 -3.064578 -0.30645782
4.903325 -2.4516625 -0.15322891
3.6774938 -2.1452048 0.15322891
1.8387469 -2.2984335 1.532289
-1.685518 -3.371036 3.9839516
-3.8307228 -2.4516625 3.8307228
-5.5162406 -0.61291564 4.903325
-7.0485296 -0.45968673 7.0485296
-8.580819 -0.91937345 10.726024
-10.266336 0.7661445 10.419566
-10.572795 4.903325 11.032481
-11.798626 5.9759274 12.717999
-9.346964 10.726024 15.1696615
-9.040505 12.564771 13.790602
-8.274361 13.330915 14.097059
-4.2904096 17.468096 15.935806
-3.5242648 17.00841 15.47612
-4.903325 14.250289 14.5567465
-3.8307228 12.411542 12.717999
0.30645782 15.322891 13.637373
2.4516625 15.016433 13.177686
1.8387469 11.798626 11.18571
1.532289 8.734048 9.346964
3.9839516 8.274361 8.274361
