-16.242264 2.9113493 7.6614456
-19.460072 5.056554 14.250289
-15.016433 11.645397 18.847157
-13.330915 14.403518 15.016433
-5.5162406 18.693928 18.847157
1.3790601 18.693928 18.847157
13.484144 18.693928 18.847157
18.387468 18.693928 18.847157
19.153614 18.693928 16.395493
19.153614 15.629349 10.879252
19.153614 12.717999 10.879252
19.153614 8.887277 10.266336
19.000385 4.596867 10.726024
18.693928 1.3790601 10.419566
16.701952 -1.685518 8.734048
14.250289 -4.1371803 7.5082164
11.798626 -6.742072 4.2904096
10.113108 -8.274361 3.064578
9.193734 -8.274361 5.056554
6.588843 -11.18571 5.209783
4.2904096 -12.871228 3.9839516
2.9113493 -13.024457 5.209783
1.2258313 -11.645397 5.5162406
-1.0726024 -10.419566 9.040505
-6.895301 -12.105083 8.121132
-9.80665 -12.258312 10.572795
-10.879252 -8.887277 15.935806
-13.790602 -6.129156 16.395493
-14.5567465 -0.91937345 14.863204
-14.863204 2.4516625 18.847157
-11.951855 12.411542 18.847157
-10.419566 16.548721 18.847157
-8.580819 17.927782 18.847157
-6.2823853 18.693928 18.847157
1.2258313 18.693928 18.847157
2.9113493 18.693928 18.847157
5.056554 17.468096 17.927782
11.951855 14.709975 14.097059
12.717999 12.258312 10.266336
12.258312 7.8146744 7.967903
10.266336 4.1371803 5.8226986
