-1.8387469 7.5082164 7.201759
-1.3790601 15.1696615 8.580819
-3.064578 17.161638 11.645397
-3.8307228 18.693928 15.016433
-2.9113493 18.693928 17.468096
3.8307228 18.693928 18.847157
4.2904096 14.5567465 15.47612
4.2904096 10.419566 10.726024
4.1371803 2.7581203 7.6614456
2.4516625 -2.9113493 4.7500963
1.2258313 -7.8146744 0.61291564
4.1371803 -10.419566 -1.3790601
6.435614 -14.709975 -6.2823853
8.734048 -17.161638 -9.653421
10.113108 -14.863204 -7.6614456
10.113108 -9.959879 -2.2984335
9.80665 -7.5082164 0.91937345
9.193734 -4.2904096 3.8307228
7.967903 -0.30645782 9.346964
5.8226986 0.15322891 11.951855
-1.0726024 2.7581203 18.847157
-3.217807 8.887277 18.847157
-7.6614456 18.693928 18.847157
-6.895301 18.693928 18.847157
-5.363012 18.693928 18.847157
-2.4516625 18.693928 18.847157
2.7581203 18.693928 18.847157
2.2984335 18.693928 18.847157
1.532289 18.693928 18.847157
2.4516625 15.7825775 18.387468
5.66947 8.887277 14.5567465
4.903325 2.1452048 10.572795
2.4516625 -2.7581203 5.9759274
0.7661445 -8.580819 2.9113493
-0.30645782 -11.18571 -0.30645782
-2.1452048 -14.250289 -0.30645782
-7.3549876 -18.540697 -0.30645782
-9.80665 -19.6133 -1.9919758
-9.653421 -19.6133 -3.371036
-6.2823853 -15.016433 0.30645782
-3.6774938 -10.113108 2.1452048
-3.5242648 -6.2823853 1.685518
-3.6774938 -4.2904096 3.5242648
-3.9839516 -2.4516625 6.895301
-2.7581203 0.15322891 9.040505
-2.7581203 4.1371803 10.113108
4.1371803 7.5082164 10.726024
8.121132 12.105083 12.411542
10.113108 15.47612 12.871228
11.492168 18.540697 11.492168
