0.91937345 12.564771 5.363012
-0.30645782 16.548721 8.121132
-1.0726024 18.693928 12.258312
1.0726024 18.693928 11.33894
1.2258313 18.693928 10.726024
1.2258313 18.693928 13.790602
1.3790601 17.621325 15.47612
1.0726024 11.492168 14.403518
1.2258313 5.8226986 11.18571
0.91937345 -1.532289 7.6614456
-0.91937345 -6.588843 4.903325
1.3790601 -9.959879 4.2904096
5.209783 -16.089035 -2.2984335
6.129156 -17.774553 -9.959879
10.572795 -15.322891 -4.596867
10.572795 -12.258312 -3.371036
12.258312 -7.0485296 -0.91937345
11.492168 -4.2904096 0.45968673
9.500193 -3.5242648 2.1452048
7.8146744 -3.064578 5.209783
4.7500963 -0.30645782 10.879252
2.7581203 -0.91937345 13.484144
-1.685518 0.15322891 12.411542
-4.4436383 4.7500963 15.935806
-2.1452048 10.879252 18.847157
-6.129156 17.774553 18.847157
-10.419566 18.693928 18.847157
-10.419566 18.693928 18.847157
-9.500193 18.693928 18.847157
-8.274361 18.693928 18.847157
-6.588843 18.693928 18.847157
-5.363012 18.693928 18.847157
-3.371036 17.161638 18.847157
0.7661445 13.177686 17.314867
5.363012 11.33894 14.863204
7.201759 7.6614456 11.951855
6.435614 1.9919758 8.121132
4.903325 -2.7581203 5.056554
3.371036 -6.435614 3.9839516
1.8387469 -8.121132 3.6774938
-1.0726024 -11.18571 5.66947
-2.1452048 -12.871228 3.6774938
-4.4436383 -15.47612 -0.91937345
-6.895301 -16.701952 -4.596867
-6.588843 -14.250289 -6.742072
-6.895301 -11.951855 -3.9839516
-9.80665 -9.500193 0.15322891
-9.653421 -7.201759 1.9919758
-7.0485296 -2.6048915 9.346964
-5.056554 -0.91937345 12.258312
1.0726024 5.056554 16.395493
16.242264 18.693928 13.484144
18.540697 18.693928 10.726024
12.717999 18.693928 13.790602
