2.4516625 14.097059 7.0485296
1.532289 15.935806 8.121132
-0.7661445 15.629349 9.500193
-0.61291564 18.08101 10.113108
2.2984335 18.693928 10.572795
2.4516625 18.693928 10.726024
1.3790601 17.468096 8.887277
1.532289 14.709975 7.0485296
1.532289 11.951855 7.6614456
1.9919758 8.274361 9.193734
1.9919758 1.9919758 5.9759274
1.532289 -0.30645782 3.371036
1.0726024 -2.2984335 0.7661445
-0.15322891 -6.742072 1.0726024
-0.30645782 -8.580819 0.15322891
1.3790601 -6.895301 -1.9919758
4.7500963 -4.7500963 -3.8307228
6.742072 -2.1452048 -3.6774938
6.895301 -1.2258313 -2.4516625
6.895301 -0.45968673 -1.0726024
6.435614 0.15322891 -0.91937345
6.2823853 1.0726024 -0.45968673
5.363012 1.532289 -0.45968673
3.8307228 1.532289 1.2258313
-0.30645782 0.45968673 5.056554
0.45968673 1.9919758 7.3549876
0.30645782 7.0485296 6.895301
-1.532289 9.500193 8.121132
0.45968673 12.564771 14.250289
-1.532289 15.935806 13.024457
-4.596867 18.693928 13.9438305
-5.8226986 18.693928 18.387468
-6.435614 18.693928 16.548721
-5.9759274 18.693928 13.484144
-5.5162406 18.693928 11.18571
-3.371036 18.693928 9.80665
-2.1452048 18.693928 8.734048
0.30645782 18.693928 10.419566
0.30645782 18.693928 11.798626
0.91937345 18.693928 14.097059
0.45968673 17.927782 12.871228
0.30645782 14.097059 12.871228
1.9919758 12.564771 10.879252
2.1452048 9.346964 10.113108
1.9919758 6.435614 8.734048
1.685518 3.217807 6.2823853
0.7661445 0.45968673 4.7500963
-0.61291564 -2.7581203 3.371036
-1.0726024 -3.8307228 0.61291564
-1.532289 -4.4436383 -0.30645782
-2.7581203 -5.209783 0.15322891
-4.1371803 -6.129156 0.45968673
-4.903325 -6.588843 0.45968673
-5.8226986 -6.742072 0.7661445
-5.5162406 -6.435614 -0.15322891
-4.596867 -4.7500963 -0.15322891
-3.5242648 -3.371036 1.8387469
-3.064578 -2.2984335 4.1371803
-3.8307228 -1.685518 2.9113493
-2.1452048 1.3790601 4.7500963
0.15322891 5.363012 7.0485296
1.532289 6.129156 8.887277
9.500193 13.330915 11.18571
15.322891 18.693928 12.258312
