2.4516625 18.693928 8.42759
4.4436383 18.693928 11.18571
7.3549876 18.693928 17.468096
2.2984335 18.693928 18.693928
-2.2984335 18.693928 18.540697
-2.6048915 11.18571 17.468096
-1.532289 -2.1452048 9.959879
-1.532289 -5.056554 5.363012
1.685518 -6.129156 5.363012
4.4436383 -11.33894 4.596867
8.121132 -14.250289 -1.532289
9.80665 -12.411542 -7.0485296
10.572795 -12.871228 -5.9759274
8.734048 -14.097059 -4.2904096
5.363012 -10.726024 -1.8387469
4.596867 -8.580819 0.61291564
4.4436383 -5.9759274 2.4516625
3.8307228 -5.363012 3.8307228
4.1371803 -2.1452048 6.895301
3.064578 -0.91937345 8.887277
0.7661445 -0.91937345 10.113108
-0.61291564 2.4516625 13.177686
-0.91937345 8.42759 18.847157
-6.588843 18.693928 18.847157
-8.580819 18.693928 18.847157
-9.346964 18.693928 18.847157
-8.887277 18.693928 18.847157
-7.967903 18.693928 18.847157
-7.967903 18.693928 18.847157
-6.129156 18.693928 18.847157
-4.596867 18.693928 18.847157
-1.3790601 18.23424 18.847157
2.2984335 15.016433 17.161638
5.056554 9.346964 18.08101
4.1371803 -1.8387469 5.209783
2.1452048 -7.201759 3.064578
-0.91937345 -14.863204 1.9919758
-6.588843 -19.6133 -1.3790601
-8.734048 -19.6133 -2.9113493
-9.193734 -19.6133 -2.4516625
-6.435614 -16.548721 1.3790601
-5.5162406 -13.637373 0.91937345
-4.1371803 -11.18571 1.3790601
-2.7581203 -7.0485296 3.6774938
-1.0726024 -4.1371803 5.8226986
0.45968673 -0.91937345 6.435614
3.217807 4.2904096 6.895301
7.201759 11.951855 8.42759
8.734048 15.1696615 11.492168
