3.371036 18.693928 9.653421
3.5242648 18.693928 11.032481
3.371036 18.693928 11.492168
3.371036 18.693928 11.951855
2.7581203 18.693928 12.564771
1.0726024 18.693928 11.645397
0.30645782 18.693928 10.726024
0.15322891 15.47612 11.032481
-0.45968673 11.032481 9.959879
-0.45968673 6.2823853 9.500193
-1.8387469 6.2823853 7.8146744
-0.45968673 -4.2904096 3.5242648
-0.7661445 -4.903325 1.0726024
-0.15322891 -6.129156 0.45968673
1.0726024 -6.895301 -0.45968673
5.9759274 -5.5162406 0.45968673
6.435614 -5.66947 -1.8387469
9.193734 -2.4516625 -4.596867
9.346964 -1.8387469 -3.9839516
7.8146744 -2.1452048 -2.6048915
5.9759274 -2.2984335 -1.0726024
5.363012 -1.2258313 0.15322891
4.1371803 -0.61291564 0.30645782
3.217807 -0.15322891 0.61291564
2.6048915 2.4516625 2.6048915
1.2258313 1.9919758 5.5162406
-1.685518 5.056554 6.129156
-1.3790601 9.346964 9.80665
-1.9919758 11.032481 13.024457
-3.5242648 10.572795 16.395493
-5.363012 13.024457 14.250289
-5.9759274 17.621325 13.177686
-5.363012 18.693928 16.395493
-6.2823853 18.540697 18.540697
-8.274361 18.693928 14.097059
-6.2823853 18.693928 12.717999
-5.056554 18.693928 13.024457
-3.9839516 18.693928 13.484144
-3.217807 18.693928 12.411542
-3.371036 17.774553 11.492168
-1.9919758 16.089035 13.177686
0.30645782 12.871228 13.024457
0.30645782 10.572795 8.887277
0.7661445 8.734048 5.66947
1.685518 7.5082164 5.363012
2.4516625 5.056554 7.201759
0.7661445 1.8387469 1.9919758
0.15322891 0.30645782 -0.30645782
-0.61291564 -1.2258313 -0.30645782
-0.7661445 -1.532289 1.532289
-0.91937345 -2.7581203 2.7581203
-2.9113493 -5.363012 1.3790601
-4.7500963 -6.435614 0.30645782
-4.7500963 -5.5162406 -0.45968673
-5.209783 -5.66947 -1.2258313
-5.8226986 -5.5162406 -1.532289
-6.2823853 -5.363012 0.30645782
-6.435614 -3.9839516 1.532289
-5.9759274 -2.7581203 1.3790601
-5.363012 -1.532289 1.532289
-3.371036 1.3790601 3.217807
-1.2258313 3.9839516 4.7500963
-1.2258313 5.5162406 5.363012
3.9839516 10.419566 7.967903
7.6614456 14.709975 10.419566
8.580819 15.47612 11.645397
10.572795 17.468096 11.18571
12.411542 18.540697 11.18571
11.951855 18.693928 8.42759
9.959879 16.548721 8.734048
