-1.685518 8.121132 1.685518 103963350
-0.91937345 8.121132 1.9919758 103963370
-0.91937345 9.040505 2.6048915 103963390
-1.0726024 8.42759 3.6774938 103963410
-1.2258313 7.201759 3.371036 103963430
0.15322891 7.3549876 1.8387469 103963450
0.15322891 5.363012 3.6774938 103963470
-1.9919758 2.4516625 3.9839516 103963490
-4.7500963 -0.45968673 1.685518 103963510
-7.0485296 -1.8387469 1.0726024 103963531
-5.056554 -0.15322891 1.0726024 103963570
-5.056554 -0.15322891 1.685518 103963592
-2.1452048 3.9839516 2.9113493 103963630
0.15322891 7.6614456 2.7581203 103963652
1.685518 11.33894 4.1371803 103963690
5.363012 15.935806 6.435614 103963711
7.201759 18.387468 7.201759 103963731
7.0485296 17.927782 4.903325 103963751
7.8146744 18.23424 5.209783 103963771
9.653421 17.00841 5.66947 103963810
10.113108 15.47612 4.4436383 103963831
11.951855 11.18571 4.903325 103963870
10.572795 8.734048 3.8307228 103963890
9.653421 7.0485296 2.1452048 103963911
8.42759 5.363012 2.2984335 103963931
7.5082164 5.209783 2.9113493 103963951
5.8226986 4.4436383 3.064578 103963971
3.8307228 4.1371803 4.903325 103964010
1.532289 3.371036 6.2823853 103964032
-2.1452048 4.7500963 6.895301 103964070
-3.6774938 7.201759 8.580819 103964090
-5.9759274 8.274361 9.653421 103964110
-7.6614456 7.6614456 10.572795 103964131
-8.42759 8.734048 11.492168 103964151
-8.42759 11.18571 10.879252 103964171
-8.734048 12.717999 10.266336 103964191
-8.887277 13.330915 10.879252 103964211
-8.887277 13.637373 11.645397 103964232
-6.435614 16.85518 11.032481 103964270
-5.5162406 17.468096 9.80665 103964290
-4.4436383 16.548721 8.887277 103964310
-2.4516625 15.016433 9.193734 103964331
0.91937345 11.492168 1.685518 103964370
2.6048915 9.959879 -0.30645782 103964390
1.685518 7.3549876 0.15322891 103964411
1.0726024 5.66947 0.61291564 103964431
-0.15322891 3.217807 1.9919758 103964451
0.7661445 2.9113493 1.532289 103964472
2.1452048 3.217807 2.6048915 103964510
2.9113493 3.6774938 2.4516625 103964531
3.371036 3.8307228 0.30645782 103964570
3.8307228 4.596867 0.7661445 103964590
2.9113493 3.9839516 2.2984335 103964610
2.1452048 3.217807 1.3790601 103964630
