-0.45968673 4.596867 1.0726024 103967070
-1.685518 3.8307228 0.61291564 103967090
-2.6048915 2.6048915 1.2258313 103967110
-2.1452048 2.7581203 2.4516625 103967131
-2.6048915 3.064578 1.532289 103967170
-4.1371803 0.7661445 3.371036 103967190
-3.8307228 0.7661445 4.1371803 103967210
-2.2984335 2.7581203 5.363012 103967231
-2.2984335 4.596867 1.9919758 103967270
-3.9839516 3.5242648 1.2258313 103967290
-2.2984335 4.2904096 1.8387469 103967311
0.30645782 8.121132 3.217807 103967331
-0.7661445 8.42759 3.9839516 103967351
-1.9919758 7.6614456 1.532289 103967371
4.4436383 14.097059 5.056554 103967410
7.6614456 17.774553 4.1371803 103967431
10.879252 18.693928 3.064578 103967470
13.177686 18.693928 2.9113493 103967490
14.403518 18.387468 3.064578 103967511
13.790602 16.395493 3.217807 103967531
10.726024 10.113108 2.1452048 103967570
8.42759 7.5082164 1.532289 103967590
6.895301 5.66947 2.2984335 103967610
5.209783 4.4436383 2.6048915 103967631
3.217807 2.4516625 3.5242648 103967651
2.7581203 2.6048915 3.371036 103967671
2.4516625 4.2904096 2.7581203 103967710
1.2258313 4.4436383 3.371036 103967731
-1.685518 5.66947 5.209783 103967770
-3.217807 6.895301 6.588843 103967790
-5.363012 7.967903 7.3549876 103967811
-7.3549876 9.500193 8.121132 103967831
-8.580819 9.959879 11.33894 103967851
-9.500193 11.18571 12.871228 103967871
-9.959879 13.177686 12.871228 103967910
-8.42759 14.863204 11.798626 103967931
-5.5162406 16.395493 11.645397 103967970
-4.4436383 15.935806 10.419566 103967990
-4.2904096 14.709975 10.266336 103968011
-3.5242648 13.177686 8.887277 103968031
-1.532289 12.105083 7.8146744 103968051
-0.30645782 11.032481 6.435614 103968071
1.3790601 7.0485296 3.371036 103968110
0.7661445 4.596867 1.685518 103968131
2.6048915 4.596867 0.61291564 103968170
3.9839516 4.4436383 0.61291564 103968190
2.7581203 3.6774938 0.30645782 103968210
2.4516625 3.064578 1.685518 103968231
2.6048915 2.2984335 3.371036 103968251
2.6048915 3.064578 0.7661445 103968271
