-0.45968673 7.3549876 0.61291564 103969070
-0.7661445 7.5082164 -0.61291564 103969090
-0.91937345 7.5082164 -0.91937345 103969110
-0.91937345 7.201759 -0.15322891 103969131
-0.45968673 7.3549876 -0.45968673 103969170
-0.45968673 6.588843 -0.30645782 103969192
-1.9919758 3.371036 1.0726024 103969231
-2.6048915 2.9113493 1.532289 103969270
-3.217807 3.217807 1.2258313 103969291
-4.2904096 2.4516625 0.91937345 103969330
-1.3790601 5.209783 1.8387469 103969351
-1.3790601 6.588843 1.532289 103969372
-1.8387469 6.435614 1.9919758 103969410
-0.15322891 8.580819 3.9839516 103969431
0.45968673 9.653421 2.7581203 103969470
0.7661445 10.572795 5.209783 103969490
2.6048915 13.177686 6.435614 103969510
2.6048915 13.024457 5.66947 103969530
1.532289 11.951855 4.596867 103969550
2.9113493 13.024457 6.2823853 103969570
4.1371803 14.097059 6.435614 103969590
4.2904096 13.484144 5.8226986 103969610
3.8307228 11.951855 5.056554 103969631
6.129156 13.177686 6.129156 103969670
6.588843 13.330915 5.5162406 103969690
7.0485296 12.411542 5.209783 103969710
8.580819 12.105083 4.7500963 103969731
9.040505 11.032481 3.8307228 103969751
8.42759 9.040505 4.1371803 103969771
7.0485296 6.588843 4.2904096 103969810
6.895301 6.2823853 4.4436383 103969831
5.056554 5.363012 4.4436383 103969870
3.8307228 5.209783 4.596867 103969890
2.6048915 5.056554 5.363012 103969911
1.685518 5.66947 4.903325 103969931
0.91937345 6.588843 5.056554 103969951
0.91937345 6.435614 5.66947 103969971
-1.532289 6.742072 7.3549876 103970010
-1.9919758 7.3549876 7.3549876 103970031
-3.8307228 7.3549876 7.201759 103970070
-3.8307228 7.201759 8.121132 103970090
-4.903325 7.0485296 7.0485296 103970110
-5.209783 8.121132 6.895301 103970131
-5.209783 8.121132 7.3549876 103970151
-5.363012 8.580819 7.0485296 103970171
-5.056554 9.193734 6.588843 103970210
-4.7500963 9.80665 6.2823853 103970231
-3.8307228 10.879252 6.435614 103970270
-3.8307228 10.879252 7.201759 103970290
-3.5242648 12.258312 6.129156 103970310
-3.371036 13.330915 6.895301 103970331
-3.8307228 13.790602 7.3549876 103970351
-3.6774938 13.790602 8.121132 103970371
-3.6774938 12.105083 7.3549876 103970410
-2.7581203 11.798626 6.588843 103970432
-1.532289 11.645397 4.903325 103970452
-0.91937345 9.80665 4.1371803 103970490
-0.91937345 8.42759 3.371036 103970511
-0.45968673 7.3549876 3.5242648 103970531
0.45968673 7.6614456 2.6048915 103970551
0.45968673 7.3549876 2.7581203 103970571
0.91937345 6.742072 2.2984335 103970610
0.7661445 5.8226986 1.532289 103970631
2.6048915 7.6614456 0.61291564 103970670
2.6048915 7.0485296 1.8387469 103970690
2.1452048 5.9759274 1.9919758 103970710
1.0726024 4.903325 1.0726024 103970731
1.685518 5.363012 0.7661445 103970751
2.7581203 6.129156 0.7661445 103970771
1.532289 5.209783 -0.15322891 103970810
0.91937345 5.056554 -0.91937345 103970832
0.61291564 5.8226986 -1.2258313 103970852
1.0726024 6.588843 -0.91937345 103970890
0.45968673 7.201759 -0.30645782 103970910
