-0.45968673 8.121132 -0.91937345 103973530
-0.45968673 7.967903 -0.91937345 103973550
-1.532289 6.2823853 0.30645782 103973570
-2.2984335 4.4436383 0.45968673 103973590
-2.7581203 3.5242648 -0.30645782 103973610
-4.4436383 1.2258313 1.2258313 103973630
-7.3549876 -2.2984335 2.9113493 103973650
-8.734048 -4.1371803 2.7581203 103973670
-9.500193 -4.596867 3.064578 103973690
-8.734048 -4.7500963 3.9839516 103973710
-5.8226986 -1.532289 5.8226986 103973730
-4.4436383 0.61291564 5.9759274 103973750
-3.217807 2.4516625 5.209783 103973770
-0.15322891 5.9759274 5.8226986 103973790
5.363012 11.492168 8.580819 103973810
9.193734 18.540697 7.8146744 103973830
10.572795 18.693928 7.201759 103973850
12.564771 18.693928 5.9759274 103973870
15.322891 18.693928 5.9759274 103973890
18.08101 18.693928 6.435614 103973910
19.153614 18.693928 5.8226986 103973930
19.153614 17.314867 3.6774938 103973950
19.153614 13.330915 1.3790601 103973970
19.153614 7.967903 -0.61291564 103973990
18.693928 5.66947 -0.61291564 103974010
15.7825775 2.6048915 3.5242648 103974030
11.798626 0.91937345 6.588843 103974050
8.734048 0.61291564 9.80665 103974070
2.1452048 -1.3790601 13.177686 103974090
-4.903325 -1.0726024 10.572795 103974111
-11.645397 9.346964 12.564771 103974150
-16.85518 10.419566 15.016433 103974170
-19.6133 12.258312 18.847157 103974190
-19.153614 17.314867 18.847157 103974210
-16.701952 18.693928 18.08101 103974231
-8.887277 18.693928 12.871228 103974270
-5.8226986 18.693928 10.726024 103974290
-3.6774938 18.540697 8.734048 103974311
-2.2984335 13.790602 7.5082164 103974332
1.2258313 6.129156 3.9839516 103974370
2.2984335 3.217807 1.685518 103974390
2.7581203 1.685518 0.45968673 103974410
2.7581203 0.61291564 0.61291564 103974431
5.056554 1.2258313 0.91937345 103974470
4.7500963 1.532289 1.685518 103974490
5.056554 1.685518 3.371036 103974510
4.596867 1.685518 3.064578 103974530
4.596867 1.8387469 1.8387469 103974550
4.2904096 3.371036 -0.15322891 103974570
