-0.7661445 6.742072 -1.2258313 103971670
-1.9919758 5.363012 0.45968673 103971690
-2.6048915 3.6774938 1.685518 103971710
-3.217807 2.1452048 0.61291564 103971731
-3.5242648 1.0726024 0.45968673 103971752
-6.588843 -2.7581203 1.8387469 103971790
-6.129156 -2.4516625 1.9919758 103971810
-3.8307228 -0.61291564 2.2984335 103971830
-3.5242648 1.3790601 3.064578 103971850
-3.371036 1.532289 3.5242648 103971870
-2.7581203 2.1452048 2.2984335 103971890
0.91937345 5.9759274 4.7500963 103971910
2.6048915 10.726024 5.8226986 103971930
1.685518 10.879252 5.363012 103971950
4.1371803 13.177686 8.42759 103971970
8.121132 17.774553 8.887277 103971990
11.18571 18.693928 7.967903 103972010
13.790602 18.693928 8.734048 103972031
17.621325 18.693928 6.895301 103972070
19.000385 16.548721 6.2823853 103972092
17.774553 10.879252 3.064578 103972130
14.097059 7.0485296 1.3790601 103972150
10.879252 3.6774938 1.685518 103972170
8.580819 1.8387469 3.064578 103972190
6.588843 1.3790601 4.7500963 103972210
6.895301 3.5242648 5.66947 103972231
0.15322891 2.7581203 10.572795 103972270
-4.4436383 3.9839516 10.419566 103972290
-8.274361 8.42759 9.959879 103972311
-14.403518 10.266336 11.33894 103972331
-18.693928 10.113108 15.629349 103972351
-19.153614 12.258312 18.693928 103972371
-14.097059 17.161638 15.1696615 103972410
-9.500193 18.693928 12.717999 103972431
-3.371036 17.314867 7.6614456 103972470
-1.0726024 15.1696615 8.42759 103972490
0.15322891 12.564771 6.895301 103972511
1.532289 10.572795 4.2904096 103972532
2.2984335 5.209783 1.0726024 103972570
3.371036 3.8307228 -0.45968673 103972590
2.7581203 2.2984335 -0.30645782 103972610
2.2984335 1.685518 -0.61291564 103972630
2.4516625 1.532289 -0.61291564 103972650
2.9113493 1.8387469 0.61291564 103972670
3.6774938 2.2984335 0.7661445 103972690
3.5242648 2.4516625 0.7661445 103972710
3.217807 2.6048915 0.61291564 103972730
2.9113493 3.9839516 0.61291564 103972750
2.9113493 5.056554 0.30645782 103972770
1.532289 5.5162406 -0.15322891 103972790
