-2.2984335 1.8387469 0.91937345
-1.532289 1.9919758 -0.45968673
-2.1452048 1.532289 1.532289
-3.371036 0.91937345 3.371036
-3.6774938 0.61291564 2.2984335
-4.4436383 0.45968673 2.4516625
-5.209783 -0.91937345 1.8387469
-6.2823853 -1.8387469 3.217807
-6.2823853 -1.0726024 2.9113493
-5.209783 0.15322891 2.6048915
-4.4436383 1.8387469 2.1452048
-4.1371803 2.7581203 1.8387469
-2.2984335 4.596867 2.2984335
-1.0726024 7.5082164 4.4436383
-1.0726024 9.346964 4.4436383
0.45968673 10.726024 4.4436383
2.9113493 13.177686 5.8226986
8.121132 17.468096 9.193734
11.798626 18.693928 9.80665
13.9438305 18.693928 10.572795
15.7825775 18.693928 12.564771
17.468096 18.693928 11.33894
18.847157 17.621325 9.500193
18.540697 13.177686 8.274361
16.242264 10.113108 6.2823853
13.330915 6.895301 4.2904096
10.113108 4.4436383 4.596867
7.3549876 3.064578 6.2823853
4.4436383 1.0726024 7.0485296
2.4516625 1.2258313 7.6614456
0.91937345 0.91937345 6.895301
-0.61291564 1.0726024 7.0485296
-0.91937345 2.6048915 8.42759
-3.371036 5.66947 8.121132
-5.9759274 9.80665 9.346964
-7.3549876 10.572795 12.105083
-10.266336 9.653421 15.47612
-10.879252 16.701952 15.322891
-11.645397 18.387468 13.637373
-13.024457 16.85518 12.564771
-11.645397 14.250289 11.798626
-8.734048 14.250289 10.419566
-4.903325 15.7825775 9.959879
-1.532289 18.08101 9.040505
-0.15322891 17.468096 9.500193
0.45968673 15.1696615 9.959879
0.45968673 12.871228 9.959879
0.61291564 10.726024 9.959879
0.61291564 9.040505 8.580819
1.0726024 8.274361 5.363012
2.2984335 7.201759 2.2984335
3.6774938 7.0485296 -0.45968673
3.5242648 5.056554 -0.45968673
3.6774938 3.5242648 1.8387469
3.6774938 1.9919758 1.532289
3.8307228 1.0726024 0.15322891
4.2904096 0.7661445 -1.3790601
5.056554 0.45968673 -0.30645782
5.056554 0.45968673 1.2258313
3.9839516 -0.7661445 1.532289
2.4516625 3.371036 -1.685518
