3.6774938 15.1696615 1.0726024
2.7581203 16.85518 4.7500963
2.6048915 18.693928 4.903325
2.1452048 18.693928 5.209783
2.4516625 18.693928 5.66947
2.1452048 18.693928 6.129156
1.8387469 18.693928 5.8226986
1.0726024 18.693928 7.6614456
1.2258313 18.693928 9.346964
2.7581203 16.395493 9.346964
3.371036 11.645397 7.6614456
3.064578 6.588843 6.2823853
2.1452048 1.532289 4.596867
2.7581203 -0.91937345 3.064578
2.7581203 -3.6774938 2.1452048
2.6048915 -6.129156 1.2258313
4.2904096 -8.121132 1.9919758
4.903325 -10.572795 0.30645782
4.2904096 -12.717999 -1.0726024
5.209783 -11.798626 -1.532289
4.903325 -9.500193 -0.45968673
5.056554 -8.274361 -0.45968673
3.064578 -8.42759 -0.91937345
2.1452048 -7.967903 -1.2258313
2.6048915 -5.363012 -0.30645782
3.217807 -2.9113493 1.0726024
3.6774938 -0.30645782 -0.30645782
4.1371803 1.0726024 -0.91937345
1.685518 -0.30645782 1.3790601
-0.30645782 2.2984335 4.7500963
-0.61291564 8.887277 6.588843
0.30645782 12.258312 7.967903
-1.8387469 13.790602 12.411542
-6.2823853 18.693928 18.693928
-5.8226986 18.693928 18.847157
-8.887277 18.693928 18.387468
-8.887277 18.693928 16.395493
-5.5162406 18.693928 15.7825775
-0.15322891 18.693928 13.484144
1.685518 18.693928 12.105083
0.7661445 18.693928 11.032481
-0.91937345 15.1696615 11.032481
0.30645782 12.258312 8.887277
2.1452048 10.266336 6.895301
3.064578 7.0485296 5.363012
1.685518 1.0726024 4.4436383
0.30645782 -3.6774938 1.8387469
-0.91937345 -5.66947 0.45968673
-1.8387469 -6.2823853 0.7661445
-2.1452048 -6.129156 3.8307228
-3.8307228 -9.193734 4.2904096
-6.2823853 -10.879252 1.9919758
-6.435614 -10.113108 0.15322891
-6.2823853 -8.274361 -0.45968673
-5.9759274 -6.742072 0.61291564
-5.8226986 -6.435614 -0.61291564
-5.66947 -5.66947 -0.45968673
-5.5162406 -5.056554 1.0726024
-4.596867 -2.6048915 3.6774938
-3.6774938 -0.61291564 4.596867
-2.6048915 -0.15322891 4.1371803
2.7581203 4.2904096 6.895301
5.209783 7.201759 11.032481
7.5082164 12.411542 13.024457
