-9.346964 6.588843 11.951855
-10.879252 8.580819 12.871228
-12.105083 9.500193 14.097059
-11.492168 10.726024 12.717999
-8.734048 13.330915 13.024457
-5.5162406 17.621325 12.564771
-3.371036 18.693928 12.871228
0.30645782 18.693928 14.403518
3.5242648 18.693928 17.468096
8.580819 18.693928 18.693928
12.564771 18.387468 17.621325
13.790602 14.863204 13.024457
13.790602 13.177686 9.346964
14.403518 11.032481 6.742072
14.5567465 9.500193 4.1371803
14.097059 6.895301 2.7581203
14.403518 5.363012 4.1371803
13.484144 2.6048915 3.8307228
12.871228 -1.532289 2.7581203
12.564771 -1.9919758 4.1371803
10.419566 -4.7500963 3.6774938
7.5082164 -6.435614 1.685518
5.5162406 -6.435614 -0.45968673
3.8307228 -6.588843 1.8387469
1.9919758 -7.5082164 1.3790601
-0.7661445 -8.734048 0.91937345
-2.6048915 -8.121132 1.685518
-5.8226986 -5.363012 4.2904096
-7.967903 -4.596867 10.879252
-11.798626 -6.435614 14.097059
-15.629349 -4.1371803 12.105083
-17.927782 -0.61291564 15.47612
-17.314867 3.5242648 18.847157
-16.242264 6.2823853 18.847157
-15.7825775 9.500193 18.847157
-12.871228 15.629349 18.847157
-8.42759 18.693928 18.847157
-4.4436383 18.693928 18.847157
-3.064578 18.693928 18.847157
-1.3790601 16.548721 16.548721
5.363012 17.927782 13.9438305
