-1.3790601 8.121132 5.5162406
-1.9919758 9.653421 5.66947
-1.532289 12.258312 7.201759
-1.8387469 15.47612 6.588843
-3.217807 18.693928 6.588843
-4.2904096 18.693928 6.742072
-1.9919758 18.693928 10.266336
0.7661445 18.693928 14.097059
1.3790601 18.693928 15.1696615
1.0726024 18.693928 16.548721
0.15322891 15.016433 14.5567465
-1.532289 4.596867 12.105083
-3.5242648 -3.9839516 7.6614456
-3.371036 -8.42759 6.129156
-3.217807 -9.500193 1.3790601
-1.0726024 -8.887277 -0.61291564
2.2984335 -5.8226986 -0.7661445
4.596867 -3.6774938 -1.685518
5.8226986 -4.7500963 -1.685518
6.129156 -5.056554 -1.9919758
9.80665 -0.7661445 -1.0726024
13.330915 3.8307228 0.15322891
14.5567465 7.3549876 -0.7661445
14.863204 10.879252 -3.064578
15.7825775 15.016433 -2.6048915
14.250289 16.089035 -2.1452048
9.653421 14.403518 0.91937345
-1.8387469 7.5082164 5.056554
-7.0485296 5.66947 6.2823853
-11.798626 1.2258313 6.895301
-14.709975 -1.9919758 6.742072
-12.105083 -4.596867 3.217807
-9.346964 -4.4436383 0.7661445
-6.435614 -4.1371803 0.7661445
-3.8307228 -3.5242648 0.61291564
-1.685518 -2.7581203 1.8387469
-0.61291564 -1.532289 0.7661445
-1.2258313 -1.532289 -1.3790601
-0.61291564 0.91937345 -1.8387469
0.15322891 4.7500963 -1.0726024
0.15322891 7.0485296 0.61291564
-1.532289 9.346964 3.064578
-1.2258313 14.403518 5.5162406
1.0726024 18.693928 8.580819
1.532289 18.693928 12.411542
