-1.3790601 6.588843 -3.064578
-3.217807 3.8307228 -0.91937345
-5.363012 1.3790601 -0.91937345
-5.363012 1.0726024 0.45968673
-6.742072 0.91937345 4.1371803
-6.129156 -2.9113493 5.056554
-7.3549876 -2.1452048 3.064578
-6.2823853 -1.3790601 4.2904096
-3.217807 0.15322891 5.209783
-0.30645782 1.9919758 4.7500963
-1.9919758 2.7581203 3.8307228
-2.9113493 3.5242648 3.371036
5.9759274 16.242264 7.5082164
6.2823853 18.693928 7.0485296
7.8146744 18.693928 9.500193
9.80665 18.693928 12.871228
13.177686 18.693928 12.258312
15.1696615 18.693928 11.18571
17.314867 18.693928 9.346964
19.153614 18.693928 5.9759274
19.153614 15.629349 3.5242648
18.847157 10.726024 3.217807
16.089035 6.2823853 4.2904096
13.637373 3.6774938 6.129156
12.105083 2.7581203 8.121132
9.653421 3.064578 9.653421
7.5082164 3.8307228 9.959879
2.2984335 3.6774938 11.032481
-1.0726024 4.7500963 12.871228
-4.4436383 6.435614 15.935806
-8.121132 4.7500963 18.847157
-12.564771 5.056554 16.548721
-17.927782 7.3549876 13.024457
-19.6133 7.6614456 13.790602
-19.6133 8.580819 14.863204
-16.089035 10.879252 11.645397
-13.024457 13.177686 8.274361
-10.419566 14.709975 6.895301
-7.967903 16.701952 7.5082164
-6.895301 17.468096 8.580819
-6.742072 17.468096 9.500193
-7.201759 15.629349 10.572795
-6.129156 13.484144 11.951855
-2.1452048 13.484144 9.653421
1.532289 11.951855 6.742072
4.596867 9.193734 4.7500963
5.66947 6.435614 3.6774938
5.66947 3.371036 3.064578
5.9759274 0.61291564 -0.61291564
6.2823853 1.2258313 -3.217807
7.6614456 1.3790601 -2.1452048
5.9759274 -1.532289 0.45968673
