0.91937345 15.1696615 7.201759
-1.685518 15.935806 8.580819
-1.0726024 18.693928 12.411542
-1.8387469 18.693928 14.403518
-2.9113493 18.693928 13.9438305
-1.685518 18.693928 13.9438305
-0.45968673 18.693928 15.322891
1.532289 18.693928 15.7825775
2.2984335 18.693928 15.7825775
1.3790601 12.717999 14.097059
0.15322891 5.056554 10.266336
-0.61291564 -0.61291564 6.129156
-0.61291564 -4.903325 2.2984335
-0.30645782 -7.3549876 1.0726024
3.371036 -7.5082164 1.532289
7.201759 -8.580819 1.0726024
9.80665 -9.500193 -1.8387469
10.419566 -11.645397 -2.9113493
10.419566 -11.798626 -2.7581203
10.726024 -10.572795 -3.217807
10.419566 -9.193734 -3.064578
9.193734 -7.8146744 -1.8387469
8.274361 -6.129156 0.30645782
7.3549876 -4.7500963 1.532289
6.895301 -2.7581203 1.3790601
6.435614 -1.9919758 3.9839516
4.596867 -0.7661445 6.435614
1.532289 0.30645782 9.80665
-1.8387469 2.4516625 13.024457
-2.4516625 7.6614456 18.847157
-4.596867 11.492168 18.847157
-7.0485296 18.693928 18.847157
-8.42759 18.693928 18.847157
-8.734048 18.693928 18.847157
-7.3549876 18.693928 18.847157
-4.1371803 18.693928 18.847157
-2.4516625 18.693928 18.847157
-1.532289 18.693928 18.847157
-0.45968673 18.693928 18.847157
0.91937345 18.693928 17.00841
2.1452048 16.089035 12.564771
3.9839516 12.564771 10.879252
5.056554 10.113108 8.274361
5.8226986 5.66947 6.895301
3.217807 0.91937345 5.209783
-0.15322891 -4.1371803 3.217807
-2.9113493 -8.42759 0.91937345
-4.2904096 -9.040505 0.30645782
-4.596867 -8.887277 1.8387469
-5.66947 -10.113108 0.61291564
-6.742072 -12.717999 -2.9113493
-8.580819 -13.790602 -4.4436383
-7.0485296 -11.951855 -1.9919758
-5.5162406 -9.653421 0.15322891
-4.596867 -8.121132 1.532289
-4.2904096 -6.588843 2.7581203
-4.596867 -5.209783 5.5162406
-3.8307228 -3.5242648 8.734048
-2.2984335 -0.91937345 10.113108
-0.15322891 2.6048915 10.266336
3.5242648 5.66947 10.419566
7.8146744 10.113108 11.645397
12.105083 15.322891 13.9438305
13.330915 18.693928 12.411542
15.47612 18.693928 13.330915
