1.0726024 12.258312 6.129156
1.2258313 15.47612 5.5162406
2.1452048 18.693928 5.5162406
2.9113493 18.693928 7.8146744
4.1371803 18.693928 10.726024
3.9839516 18.693928 11.032481
1.0726024 18.693928 9.653421
-1.532289 18.693928 11.032481
-3.371036 18.693928 11.798626
-3.064578 17.621325 11.18571
-1.8387469 13.790602 9.500193
-1.0726024 9.653421 7.5082164
-1.8387469 3.217807 7.5082164
-1.0726024 -1.685518 5.056554
0.15322891 -4.1371803 -0.45968673
2.2984335 -4.2904096 -3.8307228
5.66947 -2.2984335 1.2258313
7.967903 -3.6774938 5.209783
6.129156 -8.887277 3.217807
4.596867 -13.177686 1.532289
5.363012 -11.645397 -0.91937345
6.895301 -8.887277 1.0726024
7.201759 -6.895301 1.0726024
6.435614 -7.201759 -1.3790601
5.363012 -7.3549876 -2.7581203
4.903325 -6.129156 -2.1452048
4.7500963 -4.903325 -0.61291564
5.66947 -3.064578 0.45968673
6.435614 -1.0726024 0.7661445
2.4516625 -1.532289 6.129156
-1.9919758 0.61291564 11.18571
-2.4516625 9.959879 18.387468
-6.2823853 17.927782 18.847157
-7.201759 18.693928 18.847157
-7.0485296 18.693928 18.847157
-6.129156 18.693928 18.847157
-5.209783 18.693928 18.847157
-4.7500963 18.693928 18.387468
-3.064578 18.693928 17.774553
1.2258313 18.540697 16.548721
1.0726024 14.5567465 14.709975
2.1452048 10.266336 13.484144
2.1452048 5.5162406 11.645397
0.7661445 0.30645782 8.274361
0.7661445 -2.4516625 7.3549876
-1.0726024 -6.435614 4.7500963
-2.9113493 -8.42759 2.9113493
-3.8307228 -9.346964 1.8387469
-3.8307228 -10.419566 0.45968673
-5.056554 -11.645397 -1.8387469
-5.9759274 -13.024457 -2.4516625
-4.7500963 -9.346964 0.30645782
-3.9839516 -8.274361 2.1452048
-3.5242648 -6.895301 1.3790601
-3.064578 -4.903325 2.2984335
-2.2984335 -3.217807 3.8307228
-0.45968673 -0.30645782 5.363012
0.7661445 2.6048915 4.903325
2.2984335 6.435614 3.9839516
6.2823853 10.879252 4.1371803
9.040505 16.395493 5.363012
9.040505 17.927782 7.8146744
7.201759 18.540697 10.879252
