-1.9919758 5.9759274 -3.064578
-2.9113493 4.1371803 -2.7581203
-3.217807 3.217807 -1.685518
-3.217807 3.064578 -0.30645782
-3.064578 3.217807 -0.30645782
-4.596867 1.9919758 -1.0726024
-5.056554 -0.15322891 0.61291564
-5.9759274 -0.30645782 3.064578
-5.363012 0.7661445 3.9839516
-5.209783 1.532289 3.5242648
-5.056554 2.1452048 2.7581203
-4.903325 1.9919758 3.5242648
-3.064578 4.2904096 5.209783
-1.685518 7.5082164 4.7500963
-1.3790601 8.121132 3.5242648
1.0726024 10.879252 4.903325
4.1371803 16.089035 9.346964
6.588843 18.693928 9.040505
8.121132 18.693928 11.798626
9.500193 18.693928 12.105083
12.258312 18.693928 11.798626
15.47612 18.693928 8.887277
17.774553 18.693928 6.435614
18.23424 17.161638 5.66947
17.161638 13.330915 4.596867
14.250289 7.3549876 5.056554
13.177686 5.8226986 5.66947
11.645397 3.9839516 7.967903
9.040505 1.9919758 9.500193
6.742072 1.9919758 11.18571
3.9839516 2.2984335 12.105083
0.45968673 2.1452048 11.18571
-2.9113493 1.685518 11.18571
-5.9759274 4.596867 10.419566
-7.3549876 5.9759274 12.258312
-10.419566 4.4436383 15.016433
-14.403518 5.363012 13.637373
-15.629349 8.580819 11.645397
-15.629349 10.726024 11.645397
-15.1696615 12.564771 10.266336
-12.105083 14.5567465 9.653421
-9.193734 16.395493 9.959879
-5.9759274 18.693928 10.113108
-3.6774938 18.693928 11.492168
-1.685518 18.693928 14.250289
-1.0726024 15.016433 13.177686
1.3790601 11.951855 10.113108
3.064578 9.500193 6.742072
3.8307228 3.9839516 0.15322891
2.9113493 1.3790601 -2.4516625
2.1452048 -0.30645782 -3.371036
1.9919758 -0.45968673 -2.2984335
2.4516625 -0.15322891 -1.3790601
2.4516625 -0.61291564 -1.0726024
2.9113493 -1.8387469 -1.8387469
3.8307228 -0.91937345 -2.2984335
4.903325 0.91937345 -1.9919758
