2.2984335 12.411542 8.580819
1.532289 13.177686 7.8146744
0.91937345 13.330915 7.5082164
-0.15322891 14.709975 7.5082164
-0.45968673 17.00841 6.2823853
-1.3790601 18.693928 6.2823853
-1.2258313 18.693928 7.3549876
-3.6774938 18.693928 9.80665
-3.6774938 18.693928 10.419566
-1.9919758 17.314867 11.798626
-0.91937345 11.951855 11.032481
-0.45968673 6.742072 7.0485296
-0.61291564 1.9919758 3.064578
-0.45968673 -3.6774938 0.30645782
0.61291564 -4.4436383 -0.7661445
0.61291564 -4.2904096 -1.0726024
1.8387469 -2.9113493 -1.8387469
2.7581203 -2.1452048 -1.3790601
2.6048915 -0.91937345 -0.61291564
3.064578 0.45968673 -1.2258313
3.064578 1.532289 -1.8387469
3.6774938 3.371036 -2.9113493
5.5162406 6.129156 -2.7581203
5.8226986 7.967903 -2.1452048
6.895301 9.500193 -3.371036
7.3549876 10.419566 -4.2904096
8.121132 11.032481 -3.371036
7.967903 10.266336 -2.2984335
7.201759 9.959879 -0.15322891
6.588843 9.653421 -0.30645782
6.588843 10.113108 -0.45968673
6.129156 11.032481 -0.30645782
4.1371803 10.419566 0.45968673
1.532289 9.500193 0.91937345
-1.2258313 8.274361 0.7661445
-4.596867 7.0485296 -0.15322891
-7.3549876 5.056554 -0.30645782
-9.959879 2.1452048 1.8387469
-10.879252 0.61291564 4.1371803
-8.887277 -0.7661445 4.2904096
-6.435614 -0.7661445 2.4516625
-4.596867 -0.7661445 1.9919758
-2.6048915 -1.0726024 1.3790601
-0.91937345 -1.0726024 0.91937345
0.30645782 1.532289 0.91937345
0.91937345 2.6048915 -0.7661445
1.2258313 3.6774938 -0.91937345
0.61291564 4.2904096 -0.45968673
0.15322891 4.2904096 0.15322891
0.30645782 7.8146744 1.3790601
1.0726024 14.097059 4.903325
1.3790601 18.693928 7.201759
0.61291564 18.693928 10.266336
-2.1452048 18.693928 11.18571
