3.371036 13.790602 5.9759274
2.9113493 15.322891 7.0485296
2.1452048 15.1696615 8.121132
1.3790601 14.709975 8.734048
1.0726024 16.701952 9.346964
1.2258313 18.23424 9.653421
-0.15322891 17.161638 10.572795
-1.2258313 14.863204 11.33894
-1.3790601 15.935806 10.113108
0.15322891 18.387468 9.500193
1.2258313 18.693928 9.193734
0.91937345 15.322891 8.734048
0.61291564 12.105083 8.42759
1.0726024 9.500193 7.201759
1.0726024 7.0485296 6.129156
0.7661445 2.9113493 4.2904096
0.61291564 -0.15322891 2.2984335
0.45968673 -2.4516625 1.2258313
1.3790601 -2.7581203 -0.30645782
2.6048915 -1.9919758 -0.91937345
3.064578 -1.9919758 -0.7661445
3.6774938 -2.6048915 -0.61291564
3.8307228 -3.064578 -0.30645782
4.1371803 -3.217807 -0.91937345
5.209783 -2.7581203 -1.532289
5.5162406 -2.9113493 -2.2984335
5.363012 -2.7581203 -4.2904096
5.5162406 -3.217807 -3.8307228
5.363012 -2.7581203 -2.4516625
5.363012 -2.6048915 -1.685518
5.5162406 -1.532289 -1.2258313
5.363012 -1.2258313 -1.0726024
5.8226986 -0.61291564 -0.15322891
4.903325 -0.61291564 1.3790601
4.596867 0.30645782 1.532289
4.596867 1.3790601 2.9113493
3.6774938 1.8387469 7.0485296
1.0726024 3.064578 10.419566
0.30645782 6.2823853 13.484144
0.61291564 7.967903 15.629349
-1.3790601 9.80665 18.847157
-3.6774938 13.637373 18.847157
-5.056554 17.314867 17.774553
-6.588843 18.08101 18.847157
-8.42759 17.774553 18.847157
-8.42759 18.693928 18.693928
-8.274361 18.693928 17.774553
-7.3549876 18.693928 15.629349
-6.2823853 18.693928 13.9438305
-4.596867 18.693928 13.790602
-3.371036 18.693928 13.484144
-3.217807 17.468096 13.790602
-4.1371803 15.935806 13.9438305
-3.064578 15.7825775 15.7825775
-1.532289 15.629349 17.927782
-0.30645782 14.403518 17.161638
0.45968673 12.105083 15.7825775
0.7661445 9.040505 12.411542
0.91937345 6.895301 9.959879
1.685518 4.596867 10.726024
1.685518 2.4516625 5.9759274
1.0726024 0.91937345 3.217807
0.61291564 -0.7661445 0.91937345
-0.30645782 -1.532289 0.91937345
-0.45968673 -1.8387469 1.0726024
-1.3790601 -3.5242648 0.61291564
-2.2984335 -4.903325 -0.15322891
-4.1371803 -5.8226986 -0.7661445
-3.8307228 -5.5162406 0.91937345
-3.6774938 -5.056554 0.30645782
-3.8307228 -4.903325 -0.45968673
-3.5242648 -5.056554 -0.91937345
-3.5242648 -4.2904096 0.30645782
-3.064578 -3.217807 1.3790601
-2.2984335 -2.7581203 1.8387469
-1.685518 -1.3790601 2.2984335
-1.2258313 -1.3790601 3.6774938
-0.45968673 1.8387469 5.363012
1.9919758 4.4436383 8.121132
2.9113493 7.201759 10.113108
3.8307228 9.193734 14.097059
5.9759274 10.419566 18.693928
6.742072 12.564771 18.693928
