-0.30645782 5.8226986 7.967903
1.3790601 8.734048 6.2823853
2.6048915 9.959879 1.3790601
3.6774938 9.500193 2.4516625
6.742072 11.032481 2.7581203
10.419566 14.097059 2.1452048
14.403518 16.701952 -0.61291564
17.927782 17.621325 1.685518
18.387468 18.540697 -0.61291564
19.153614 14.863204 1.0726024
19.153614 13.790602 2.4516625
19.153614 12.258312 2.9113493
19.153614 9.346964 4.4436383
19.153614 6.895301 5.209783
19.153614 5.363012 5.209783
19.153614 4.7500963 5.209783
19.153614 4.4436383 4.4436383
19.153614 0.7661445 2.6048915
19.153614 -1.3790601 4.1371803
19.153614 -1.685518 5.8226986
19.153614 -0.61291564 8.274361
19.153614 0.30645782 10.266336
19.153614 2.1452048 8.42759
19.153614 2.1452048 5.66947
19.153614 -1.9919758 7.6614456
19.153614 -2.4516625 11.33894
19.153614 -0.30645782 15.016433
17.927782 2.2984335 16.242264
13.484144 3.8307228 17.161638
9.959879 7.0485296 18.847157
3.9839516 6.435614 18.847157
0.30645782 3.8307228 13.9438305
0.30645782 4.4436383 12.871228
0.45968673 5.8226986 9.040505
