-6.895301 5.66947 7.6614456
-6.435614 6.588843 8.274361
-5.9759274 8.42759 8.42759
-5.5162406 10.113108 10.113108
-4.4436383 11.032481 10.113108
-3.6774938 10.879252 11.798626
-0.61291564 14.5567465 11.798626
0.61291564 16.395493 11.33894
1.9919758 17.00841 10.419566
4.596867 17.00841 10.879252
5.9759274 16.242264 10.879252
6.742072 14.250289 9.346964
6.742072 11.951855 7.8146744
6.895301 10.879252 5.9759274
7.201759 9.959879 5.056554
7.3549876 9.346964 4.903325
7.6614456 8.274361 4.4436383
7.201759 7.3549876 3.064578
6.742072 5.8226986 1.685518
7.5082164 5.66947 1.2258313
7.967903 5.209783 1.2258313
7.6614456 5.363012 0.91937345
7.0485296 4.596867 1.0726024
6.435614 3.6774938 0.7661445
6.588843 4.1371803 0.91937345
5.8226986 3.9839516 0.61291564
6.742072 4.596867 0.30645782
6.435614 4.2904096 0.30645782
5.8226986 3.8307228 -0.15322891
5.5162406 3.6774938 -0.30645782
4.4436383 2.7581203 -0.45968673
3.064578 1.8387469 -1.0726024
1.685518 1.3790601 -0.91937345
0.15322891 0.61291564 -0.30645782
-1.9919758 0.61291564 -0.45968673
-3.5242648 0.30645782 -0.15322891
-3.8307228 0.91937345 -0.45968673
-4.1371803 0.91937345 0.61291564
-6.129156 0.45968673 2.4516625
-7.3549876 0.45968673 3.217807
-7.5082164 0.45968673 3.5242648
-7.0485296 2.6048915 5.9759274
-9.040505 3.217807 4.596867
-8.887277 4.2904096 5.363012
-8.274361 5.8226986 8.121132
-10.113108 7.3549876 9.80665
-12.258312 6.895301 8.734048
-11.951855 7.201759 9.500193
-10.113108 10.266336 13.177686
-8.121132 13.790602 14.250289
-7.0485296 14.250289 12.717999
-5.9759274 14.709975 11.33894
-4.7500963 15.016433 11.032481
-2.9113493 15.47612 11.798626
-0.30645782 14.403518 12.717999
0.91937345 12.564771 10.879252
