11.032481 13.9438305 0.61291564
11.645397 16.242264 -1.8387469
11.492168 15.629349 -0.7661445
9.80665 13.177686 -1.2258313
11.33894 14.403518 -1.0726024
15.322891 16.395493 -0.7661445
17.00841 15.47612 0.30645782
17.927782 13.024457 -1.2258313
19.153614 11.032481 -1.685518
19.153614 9.500193 -1.532289
19.153614 5.209783 0.91937345
19.153614 5.209783 2.9113493
19.153614 3.5242648 5.8226986
19.153614 2.1452048 7.201759
19.153614 2.7581203 8.734048
19.153614 1.8387469 7.967903
19.153614 2.2984335 8.580819
19.153614 1.0726024 11.33894
19.153614 1.685518 11.951855
19.153614 2.4516625 11.032481
19.153614 1.532289 9.959879
18.540697 -0.91937345 9.040505
16.701952 -2.6048915 8.734048
16.395493 -3.064578 10.113108
15.47612 -2.9113493 11.18571
14.863204 -1.532289 11.032481
14.5567465 1.685518 11.645397
12.105083 3.9839516 12.717999
11.18571 5.363012 13.790602
10.572795 4.903325 18.847157
