-0.45968673 15.322891 5.66947
1.2258313 18.540697 5.056554
2.6048915 18.693928 5.8226986
2.4516625 18.693928 8.121132
1.9919758 18.693928 8.580819
0.91937345 18.693928 7.967903
0.61291564 18.693928 10.113108
0.15322891 17.468096 8.274361
-0.15322891 13.9438305 5.9759274
0.45968673 9.193734 5.8226986
-0.15322891 3.9839516 5.363012
0.45968673 -3.064578 1.9919758
1.3790601 -3.9839516 0.45968673
3.064578 -5.66947 1.2258313
5.5162406 -6.129156 0.61291564
6.588843 -8.42759 -0.15322891
7.5082164 -6.742072 0.15322891
8.42759 -5.056554 0.15322891
8.274361 -3.064578 -1.9919758
7.201759 -3.064578 -0.15322891
6.129156 -3.064578 -0.45968673
5.209783 -2.7581203 0.30645782
4.903325 -1.0726024 0.61291564
5.056554 2.9113493 1.8387469
1.8387469 2.7581203 1.9919758
-1.2258313 0.7661445 1.2258313
-1.532289 1.2258313 2.9113493
-1.532289 8.274361 5.056554
-4.1371803 17.774553 6.895301
-8.274361 17.621325 10.113108
-10.879252 18.387468 15.629349
-10.726024 18.693928 14.250289
-10.726024 18.693928 11.492168
-10.266336 18.693928 11.33894
-9.040505 18.693928 11.492168
-6.895301 18.693928 9.040505
-5.209783 18.693928 7.967903
-4.4436383 18.693928 7.5082164
-3.217807 18.693928 7.8146744
-1.3790601 14.709975 4.1371803
-0.7661445 12.105083 2.1452048
0.61291564 9.653421 3.064578
-0.45968673 5.209783 3.9839516
-0.61291564 1.9919758 1.8387469
-1.2258313 -1.0726024 1.8387469
-1.0726024 -1.532289 1.2258313
-1.3790601 -2.1452048 3.064578
-2.6048915 -4.903325 1.532289
-4.1371803 -7.0485296 1.532289
-5.8226986 -8.734048 0.15322891
-6.588843 -8.887277 1.0726024
-6.895301 -9.040505 1.0726024
-6.129156 -7.8146744 -0.45968673
-5.66947 -6.2823853 0.61291564
-5.056554 -5.056554 3.371036
-4.596867 -2.7581203 4.7500963
-3.9839516 -0.91937345 4.2904096
-3.064578 1.3790601 3.9839516
-0.7661445 4.2904096 5.5162406
3.8307228 10.419566 7.0485296
9.346964 17.314867 7.3549876
10.266336 18.693928 9.500193
