-5.209783 1.685518 3.217807
-6.895301 -1.2258313 6.2823853
-8.274361 -4.596867 9.959879
-7.967903 -6.435614 6.742072
-7.5082164 -6.588843 4.1371803
-5.9759274 -6.742072 3.6774938
-4.4436383 -3.9839516 4.4436383
-1.8387469 0.15322891 2.2984335
0.30645782 4.596867 2.1452048
2.7581203 11.645397 3.5242648
3.6774938 14.5567465 3.6774938
5.363012 18.23424 5.5162406
7.6614456 18.693928 7.201759
10.726024 18.693928 10.726024
12.717999 18.693928 11.951855
14.403518 18.693928 12.717999
19.000385 18.693928 12.105083
19.153614 18.693928 9.193734
19.153614 17.161638 5.9759274
18.23424 12.258312 4.7500963
13.9438305 7.201759 4.2904096
10.726024 3.371036 4.4436383
8.734048 2.2984335 5.8226986
6.129156 0.91937345 8.734048
3.371036 -0.30645782 9.653421
0.15322891 -0.91937345 9.959879
-2.1452048 -0.91937345 9.959879
-4.7500963 1.685518 10.419566
-6.435614 4.596867 11.032481
-9.653421 7.967903 10.726024
-13.484144 10.266336 13.484144
-16.395493 10.879252 17.621325
-18.08101 12.717999 16.395493
-17.314867 16.701952 15.1696615
-14.863204 18.693928 14.863204
-12.717999 18.540697 14.250289
-8.887277 18.693928 14.863204
-6.435614 18.693928 13.484144
-4.596867 17.621325 12.411542
-1.9919758 15.629349 10.266336
0.61291564 12.717999 8.887277
1.8387469 9.80665 7.967903
3.371036 8.274361 7.5082164
3.6774938 4.596867 5.056554
2.6048915 2.9113493 1.0726024
3.217807 1.9919758 0.61291564
3.5242648 1.3790601 1.0726024
4.596867 0.45968673 1.685518
3.9839516 0.15322891 -1.2258313
3.8307228 -1.2258313 -2.9113493
3.9839516 -1.3790601 -2.4516625
3.064578 -1.3790601 -1.3790601
