14.250289 18.693928 5.5162406
9.959879 10.266336 2.2984335
11.18571 8.734048 2.1452048
17.774553 15.322891 1.0726024
19.153614 18.387468 -3.371036
18.08101 16.089035 -5.9759274
16.548721 12.258312 -4.596867
16.701952 11.798626 -3.6774938
19.153614 11.798626 -0.45968673
19.153614 10.266336 -0.15322891
19.153614 7.201759 -1.685518
19.153614 0.45968673 -1.685518
19.153614 -2.1452048 0.30645782
19.153614 -3.5242648 3.064578
19.153614 -3.064578 2.7581203
19.153614 -3.064578 5.209783
19.153614 -1.9919758 10.113108
19.153614 -1.9919758 12.105083
19.153614 0.7661445 10.879252
19.153614 1.532289 8.887277
19.153614 0.45968673 9.193734
19.153614 -0.30645782 9.500193
19.153614 -0.30645782 9.959879
19.153614 1.2258313 11.18571
17.314867 1.9919758 12.258312
12.717999 1.0726024 12.564771
9.040505 2.9113493 15.016433
10.266336 5.056554 16.85518
10.266336 5.209783 15.935806
8.580819 2.7581203 18.387468
