1.9919758 10.879252 6.129156
1.9919758 11.492168 5.5162406
0.7661445 11.33894 4.596867
0.45968673 11.492168 5.8226986
0.45968673 11.492168 6.435614
0.15322891 13.790602 5.8226986
1.0726024 16.242264 5.5162406
-0.30645782 15.47612 7.6614456
-2.2984335 16.089035 6.588843
-2.2984335 15.935806 6.588843
-0.91937345 17.314867 7.6614456
-0.45968673 17.161638 7.967903
-1.0726024 16.395493 6.742072
-0.61291564 15.016433 5.056554
0.15322891 14.250289 4.4436383
0.30645782 13.024457 5.056554
0.30645782 11.492168 4.4436383
-1.0726024 8.887277 1.9919758
-1.9919758 4.4436383 0.15322891
-1.0726024 1.685518 0.45968673
0.15322891 0.15322891 1.3790601
1.2258313 -0.91937345 1.3790601
1.2258313 -1.8387469 0.7661445
0.91937345 -2.1452048 -0.15322891
2.4516625 0.15322891 -0.7661445
3.371036 1.8387469 -1.0726024
3.8307228 3.217807 -1.532289
5.209783 5.056554 -0.91937345
6.2823853 7.8146744 -1.2258313
6.588843 8.887277 -0.61291564
6.588843 9.346964 -0.30645782
6.2823853 10.113108 -0.30645782
5.8226986 9.959879 -0.45968673
5.9759274 10.419566 -0.7661445
5.056554 10.266336 -0.30645782
4.1371803 9.959879 0.30645782
3.5242648 10.266336 0.30645782
2.1452048 9.80665 0.15322891
1.0726024 9.193734 0.15322891
0.30645782 8.887277 0.30645782
-0.7661445 8.580819 0.30645782
-1.3790601 8.734048 -0.30645782
-2.1452048 8.580819 -0.30645782
-3.217807 7.967903 -0.30645782
-3.9839516 7.3549876 0.15322891
-5.66947 5.5162406 0.30645782
-6.588843 5.056554 0.15322891
-7.0485296 2.9113493 0.45968673
-6.895301 0.91937345 1.532289
-6.435614 0.15322891 1.3790601
-5.8226986 -1.2258313 1.9919758
-3.9839516 -0.7661445 1.685518
-2.2984335 -0.7661445 1.532289
-1.532289 -0.30645782 0.91937345
-0.61291564 1.532289 -0.30645782
-0.15322891 2.1452048 -1.3790601
1.3790601 5.66947 0.30645782
2.1452048 8.580819 1.0726024
1.2258313 10.113108 0.7661445
0.45968673 11.33894 0.61291564
1.0726024 13.484144 2.1452048
0.7661445 15.7825775 3.8307228
0.15322891 18.387468 7.5082164
0.15322891 18.693928 7.8146744
0.61291564 18.693928 6.435614
0.7661445 18.23424 6.2823853
1.0726024 18.08101 8.274361
1.8387469 17.774553 8.42759
1.532289 15.016433 5.9759274
0.61291564 11.951855 3.064578
