2.6048915 6.435614 0.45968673
5.5162406 7.6614456 2.4516625
11.492168 16.701952 -2.1452048
9.653421 14.709975 -3.064578
9.040505 12.871228 -3.5242648
11.032481 12.564771 -2.1452048
13.637373 12.871228 -1.8387469
17.314867 12.564771 -1.9919758
18.387468 9.80665 -2.1452048
19.153614 8.887277 1.3790601
19.153614 6.895301 1.3790601
19.153614 6.129156 1.2258313
19.153614 5.5162406 3.217807
19.153614 3.8307228 4.7500963
19.153614 2.4516625 6.588843
19.153614 3.217807 8.274361
19.153614 3.5242648 8.580819
19.153614 4.1371803 6.588843
19.153614 3.6774938 6.742072
19.153614 3.217807 7.3549876
19.153614 3.064578 10.572795
19.153614 0.7661445 12.411542
19.153614 -0.7661445 12.258312
18.23424 -0.7661445 14.403518
15.935806 4.2904096 14.709975
13.484144 6.742072 17.161638
7.5082164 3.9839516 18.847157
-2.7581203 2.1452048 18.847157
