-11.33894 5.66947 9.653421
-11.951855 6.435614 12.411542
-12.717999 6.895301 13.330915
-12.871228 8.274361 12.105083
-10.266336 8.887277 15.629349
-5.66947 11.18571 18.387468
0.91937345 16.242264 18.540697
6.2823853 18.693928 18.387468
12.871228 18.693928 17.774553
18.847157 18.693928 17.468096
19.153614 18.693928 16.85518
19.153614 17.621325 12.105083
19.153614 14.5567465 7.6614456
18.540697 11.18571 6.129156
16.089035 6.435614 5.9759274
13.177686 1.0726024 4.903325
11.645397 -2.4516625 3.8307228
11.18571 -3.064578 1.2258313
9.80665 -4.596867 1.3790601
8.42759 -6.588843 1.685518
6.742072 -8.121132 1.8387469
5.363012 -7.967903 -0.15322891
4.903325 -7.5082164 -0.30645782
3.371036 -7.0485296 0.45968673
-0.7661445 -7.5082164 1.3790601
-4.903325 -7.0485296 1.532289
-6.435614 -4.903325 2.9113493
-7.3549876 -2.2984335 7.0485296
-8.42759 0.15322891 9.959879
-11.032481 1.685518 11.798626
-13.024457 1.685518 14.097059
-11.645397 5.5162406 16.089035
-9.500193 10.266336 17.774553
-8.734048 14.097059 18.847157
-8.734048 14.5567465 18.847157
-8.121132 15.47612 18.847157
-6.2823853 16.701952 18.847157
-3.6774938 17.00841 18.847157
-0.45968673 18.23424 18.693928
3.5242648 14.709975 14.709975
6.588843 13.330915 12.871228
9.193734 12.717999 11.33894
9.80665 12.105083 10.572795
10.572795 9.653421 7.201759
10.726024 7.967903 2.9113493
