-0.61291564 8.734048 -2.7581203
-0.45968673 8.274361 -1.0726024
-0.91937345 7.6614456 -1.0726024
-1.2258313 7.201759 -1.532289
-0.61291564 7.3549876 -3.064578
-0.91937345 6.129156 -0.45968673
-1.685518 5.056554 -0.61291564
-2.2984335 4.1371803 -0.45968673
-2.9113493 3.064578 0.30645782
-3.5242648 1.685518 0.61291564
-3.8307228 1.685518 1.685518
-3.9839516 1.532289 1.532289
-3.5242648 1.532289 0.91937345
-2.6048915 1.9919758 0.91937345
-2.7581203 2.4516625 1.685518
-2.2984335 3.9839516 3.6774938
-1.685518 4.903325 3.8307228
-2.9113493 4.596867 2.4516625
-1.685518 6.2823853 4.903325
-0.45968673 9.653421 6.742072
0.91937345 11.798626 6.435614
1.2258313 12.105083 5.9759274
1.0726024 12.105083 7.201759
5.209783 16.548721 8.887277
6.895301 17.314867 10.266336
7.3549876 17.927782 9.500193
7.5082164 17.314867 8.42759
7.8146744 16.242264 7.5082164
8.42759 16.089035 7.0485296
9.193734 15.629349 6.435614
9.040505 13.9438305 5.66947
8.734048 12.564771 5.8226986
7.967903 10.572795 5.209783
7.0485296 9.346964 5.056554
6.129156 7.5082164 5.5162406
5.9759274 7.0485296 6.2823853
5.5162406 6.129156 6.2823853
4.903325 5.363012 5.8226986
3.8307228 4.903325 5.8226986
3.5242648 5.056554 5.66947
3.064578 5.66947 5.8226986
1.9919758 5.363012 6.588843
1.685518 6.129156 6.742072
1.3790601 6.435614 6.742072
1.2258313 6.2823853 7.0485296
0.7661445 6.588843 7.201759
0.15322891 6.2823853 6.588843
-0.15322891 6.895301 6.435614
-0.91937345 7.0485296 6.895301
-2.6048915 6.129156 7.8146744
-3.8307228 5.9759274 7.6614456
-4.903325 7.0485296 8.121132
-5.5162406 8.734048 7.0485296
-5.8226986 9.040505 7.0485296
-6.435614 8.580819 7.6614456
-5.9759274 9.040505 6.895301
-5.8226986 9.653421 6.129156
-5.66947 10.572795 5.66947
-5.056554 10.879252 5.209783
-4.4436383 11.33894 6.2823853
-4.2904096 11.798626 6.435614
-3.9839516 12.411542 5.8226986
-3.371036 12.871228 6.2823853
-3.217807 14.097059 6.895301
-3.064578 13.9438305 7.0485296
-2.7581203 13.790602 8.274361
-2.1452048 13.484144 7.3549876
-1.2258313 13.024457 6.588843
-0.15322891 12.105083 5.209783
0.7661445 12.871228 5.056554
1.532289 12.258312 5.056554
1.2258313 9.959879 5.056554
0.7661445 7.967903 4.2904096
0.61291564 6.2823853 4.2904096
0.45968673 5.8226986 4.1371803
0.91937345 4.2904096 2.9113493
1.685518 3.5242648 1.532289
1.2258313 3.6774938 0.15322891
1.9919758 3.217807 -0.15322891
1.532289 2.9113493 -0.7661445
2.7581203 3.371036 -0.91937345
3.217807 4.1371803 -1.2258313
3.064578 4.4436383 -1.2258313
3.371036 3.371036 -1.532289
3.5242648 3.8307228 -0.61291564
3.064578 5.363012 -2.6048915
