13.177686 13.790602 6.435614
13.9438305 18.540697 6.588843
13.330915 17.314867 4.2904096
9.346964 11.798626 2.7581203
8.887277 9.500193 2.6048915
10.726024 12.258312 0.61291564
13.177686 15.1696615 -0.91937345
13.9438305 13.484144 -0.61291564
13.790602 13.177686 0.61291564
13.177686 13.637373 -2.1452048
16.395493 13.177686 -2.6048915
19.153614 14.250289 -0.45968673
19.153614 13.024457 -1.685518
19.153614 9.959879 -1.685518
19.153614 7.967903 -2.6048915
19.153614 5.9759274 -1.0726024
19.153614 3.6774938 1.3790601
19.153614 1.685518 1.0726024
19.153614 3.217807 3.9839516
19.153614 2.2984335 6.588843
19.153614 1.685518 8.580819
19.153614 3.217807 9.500193
19.153614 2.6048915 7.5082164
19.153614 1.2258313 7.0485296
19.153614 -1.2258313 10.726024
19.153614 -0.7661445 12.411542
19.153614 0.30645782 13.484144
18.540697 2.4516625 14.250289
15.47612 4.596867 16.395493
13.024457 5.056554 18.540697
10.266336 6.2823853 18.847157
7.6614456 3.9839516 18.387468
