2.6048915 13.9438305 7.6614456
0.30645782 14.250289 7.8146744
0.45968673 17.468096 7.0485296
1.2258313 18.693928 6.435614
1.8387469 18.693928 5.363012
0.7661445 18.693928 5.8226986
0.15322891 18.693928 7.8146744
0.15322891 18.693928 11.492168
-1.2258313 17.468096 11.33894
-1.0726024 11.645397 9.040505
-0.7661445 6.895301 6.435614
-0.15322891 3.064578 4.1371803
-0.45968673 -0.45968673 3.064578
-1.685518 -5.363012 1.3790601
-0.91937345 -5.9759274 -1.2258313
0.45968673 -4.903325 -0.91937345
1.2258313 -3.9839516 -0.91937345
1.8387469 -2.7581203 -1.2258313
3.9839516 -1.9919758 -1.3790601
5.9759274 0.30645782 -1.532289
6.742072 1.685518 -1.532289
8.274361 4.7500963 -0.7661445
10.726024 7.967903 -2.2984335
13.9438305 13.484144 -1.685518
13.177686 13.790602 -0.30645782
10.726024 12.717999 0.45968673
5.209783 9.040505 0.45968673
0.7661445 6.435614 2.2984335
-5.209783 8.580819 0.61291564
-7.6614456 6.129156 3.217807
-9.040505 5.363012 5.5162406
-9.80665 4.903325 6.2823853
-10.419566 3.8307228 6.2823853
-10.266336 2.4516625 5.209783
-9.653421 0.30645782 3.6774938
-8.42759 -1.3790601 3.217807
-6.129156 -1.0726024 1.685518
-1.685518 1.3790601 -0.91937345
-0.7661445 1.3790601 -1.8387469
0.15322891 2.7581203 -2.2984335
0.91937345 4.1371803 -2.6048915
1.2258313 5.66947 -1.0726024
0.61291564 6.2823853 -0.30645782
-0.15322891 8.42759 0.91937345
0.7661445 14.097059 5.66947
1.0726024 18.693928 6.588843
-3.8307228 18.693928 12.564771
-1.532289 18.693928 16.242264
