-0.45968673 9.193734 10.879252
-4.2904096 9.193734 9.959879
-6.742072 8.580819 11.798626
-10.419566 8.734048 11.032481
-12.564771 9.040505 13.637373
-11.798626 12.871228 14.709975
-10.572795 14.5567465 15.1696615
-8.734048 16.395493 15.7825775
-5.363012 18.540697 14.403518
1.0726024 18.693928 13.790602
7.3549876 18.693928 12.411542
11.18571 18.693928 9.040505
13.177686 17.774553 6.435614
14.097059 15.322891 4.2904096
13.484144 12.258312 3.8307228
12.871228 9.193734 3.5242648
13.177686 7.8146744 4.4436383
14.863204 7.201759 4.2904096
17.161638 6.742072 5.363012
16.85518 4.4436383 4.4436383
14.863204 2.2984335 5.5162406
12.258312 -0.91937345 4.1371803
8.42759 -4.7500963 1.8387469
8.274361 -5.8226986 2.7581203
5.363012 -8.121132 3.5242648
3.064578 -8.734048 1.9919758
2.1452048 -7.8146744 0.30645782
1.3790601 -7.6614456 1.0726024
0.15322891 -7.5082164 2.9113493
-2.4516625 -7.0485296 3.5242648
-5.209783 -5.66947 7.0485296
-8.887277 -4.7500963 12.411542
-11.33894 -3.6774938 15.629349
-14.863204 -0.61291564 14.403518
-16.089035 2.6048915 15.47612
-14.403518 7.0485296 18.693928
-13.177686 12.871228 18.847157
-12.717999 18.387468 18.847157
-12.871228 18.693928 18.847157
-12.258312 18.08101 18.847157
-7.967903 17.468096 18.847157
-1.3790601 18.693928 18.847157
2.7581203 17.927782 15.016433
6.895301 16.548721 12.564771
15.629349 16.85518 7.967903
