-10.879252 5.5162406 9.653421
-10.572795 8.580819 12.258312
-8.42759 12.871228 14.250289
-7.0485296 15.47612 16.089035
-5.5162406 18.693928 16.242264
-1.2258313 18.693928 17.927782
3.9839516 18.693928 18.847157
11.798626 18.693928 18.847157
18.387468 18.693928 17.314867
19.153614 16.395493 11.032481
19.153614 13.9438305 5.8226986
19.153614 12.564771 2.6048915
19.153614 9.959879 1.685518
19.153614 7.201759 1.685518
18.08101 2.1452048 3.5242648
14.709975 -1.532289 3.217807
11.951855 -4.2904096 2.2984335
9.653421 -6.2823853 1.8387469
7.3549876 -7.201759 3.064578
6.129156 -7.3549876 4.1371803
4.7500963 -7.3549876 3.064578
2.7581203 -7.6614456 1.532289
1.9919758 -7.201759 1.0726024
0.15322891 -7.6614456 0.91937345
-1.2258313 -7.201759 1.2258313
-3.371036 -7.3549876 1.532289
-5.363012 -8.121132 4.4436383
-7.201759 -6.895301 5.8226986
-9.040505 -2.6048915 8.274361
-10.419566 -1.2258313 10.726024
-12.564771 -1.3790601 14.250289
-14.863204 1.0726024 17.161638
-15.47612 5.5162406 17.314867
-12.564771 9.653421 18.847157
-9.346964 12.871228 18.847157
-6.895301 15.322891 18.847157
-4.2904096 17.314867 18.847157
0.45968673 18.693928 18.847157
4.2904096 18.693928 18.847157
4.1371803 16.395493 16.089035
7.0485296 13.790602 14.250289
13.484144 15.935806 12.105083
18.540697 17.468096 9.80665
15.1696615 15.7825775 5.209783
