3.9839516 12.105083 6.2823853
3.371036 13.484144 8.121132
1.0726024 15.016433 6.129156
0.15322891 15.7825775 7.6614456
0.61291564 18.387468 7.8146744
1.0726024 18.693928 6.895301
1.0726024 18.693928 6.435614
0.15322891 18.693928 7.6614456
-1.8387469 18.693928 8.121132
-2.6048915 18.693928 8.42759
-1.685518 17.621325 9.80665
-0.91937345 14.097059 9.959879
-0.15322891 8.580819 7.3549876
-0.45968673 2.6048915 4.2904096
0.15322891 -0.91937345 0.61291564
0.15322891 -3.371036 0.61291564
0.91937345 -4.596867 0.30645782
2.2984335 -5.5162406 -1.3790601
4.2904096 -4.903325 -2.1452048
8.734048 -3.6774938 0.45968673
12.105083 -0.91937345 -0.91937345
17.774553 5.9759274 -2.2984335
19.153614 11.18571 -3.8307228
14.097059 12.105083 -2.6048915
9.346964 10.113108 -1.2258313
2.4516625 8.121132 1.532289
-3.5242648 4.903325 5.5162406
-7.8146744 3.217807 7.8146744
-11.645397 0.91937345 7.6614456
-13.330915 -0.45968673 8.734048
-13.790602 -2.1452048 9.653421
-13.024457 -3.8307228 7.6614456
-10.572795 -3.5242648 5.363012
-7.0485296 -3.217807 2.9113493
-3.8307228 -0.30645782 1.3790601
-1.0726024 2.7581203 0.61291564
-0.61291564 3.371036 0.61291564
-0.45968673 4.1371803 0.91937345
-0.45968673 4.596867 1.2258313
-0.7661445 8.887277 -0.30645782
0.7661445 16.242264 3.5242648
-0.15322891 17.314867 12.411542
1.3790601 18.693928 11.032481
2.9113493 18.693928 10.113108
3.9839516 18.693928 10.113108
3.217807 18.693928 9.80665
