1.0726024 8.580819 3.371036
0.30645782 10.726024 1.8387469
0.7661445 12.871228 4.2904096
-0.91937345 14.5567465 5.363012
-0.91937345 16.701952 5.9759274
-0.15322891 18.693928 8.734048
-0.30645782 18.693928 8.121132
0.15322891 18.693928 6.895301
-0.45968673 18.693928 5.8226986
-0.45968673 17.00841 2.7581203
-2.2984335 7.0485296 1.0726024
-1.2258313 2.9113493 0.61291564
0.91937345 1.2258313 0.45968673
1.3790601 -3.217807 1.532289
0.7661445 -3.371036 1.2258313
3.217807 -1.8387469 0.30645782
5.8226986 0.45968673 1.2258313
7.8146744 2.4516625 0.7661445
10.419566 5.5162406 0.61291564
12.717999 8.42759 1.3790601
13.637373 11.032481 -0.30645782
13.637373 12.717999 -2.2984335
13.177686 12.717999 -1.685518
7.3549876 9.346964 0.45968673
1.532289 5.9759274 1.8387469
-6.129156 3.9839516 1.685518
-11.032481 1.9919758 3.064578
-14.863204 0.30645782 4.903325
-17.468096 -3.217807 7.5082164
-15.1696615 -4.1371803 6.742072
-9.80665 -3.8307228 4.7500963
-0.7661445 -2.1452048 2.7581203
2.2984335 -1.0726024 1.2258313
3.8307228 3.371036 -1.2258313
2.6048915 7.5082164 -2.1452048
0.7661445 9.653421 -2.6048915
-2.1452048 15.629349 -1.8387469
-0.61291564 18.693928 1.0726024
-0.45968673 18.693928 3.5242648
-0.45968673 18.693928 8.580819
-0.61291564 18.693928 12.105083
-3.371036 18.693928 11.951855
-5.66947 15.016433 9.500193
-4.2904096 12.871228 9.193734
