0.61291564 10.572795 4.7500963
-0.15322891 10.572795 4.903325
-0.61291564 11.33894 5.056554
-0.15322891 14.709975 3.8307228
0.15322891 17.00841 4.7500963
-0.91937345 18.693928 7.0485296
-2.2984335 18.693928 6.2823853
-1.2258313 18.693928 6.2823853
-1.685518 18.693928 7.6614456
-2.7581203 15.629349 5.9759274
-2.1452048 11.645397 3.9839516
-2.1452048 7.8146744 1.3790601
-1.532289 5.209783 0.61291564
-0.91937345 1.8387469 0.7661445
-0.15322891 -0.61291564 1.3790601
1.2258313 -1.3790601 0.30645782
0.7661445 -3.9839516 0.30645782
2.2984335 -1.9919758 1.0726024
3.371036 0.15322891 0.45968673
4.7500963 2.9113493 -0.15322891
5.5162406 5.363012 -0.15322891
7.3549876 8.580819 -0.15322891
8.121132 10.113108 -0.15322891
9.193734 10.879252 0.15322891
9.346964 10.879252 1.532289
8.580819 9.653421 2.1452048
6.742072 8.42759 1.532289
3.9839516 6.895301 1.2258313
-0.15322891 6.2823853 -0.45968673
-0.61291564 7.8146744 0.45968673
-3.6774938 8.121132 -0.7661445
-8.121132 7.5082164 -0.91937345
-9.500193 5.9759274 1.2258313
-10.572795 4.7500963 1.532289
-11.032481 3.8307228 0.61291564
-10.726024 2.7581203 0.61291564
-9.040505 0.91937345 0.45968673
-5.8226986 0.45968673 0.7661445
-2.9113493 -0.61291564 2.1452048
-1.532289 -1.532289 0.7661445
-0.15322891 -1.532289 -0.15322891
0.45968673 -1.532289 -0.7661445
1.9919758 1.0726024 0.30645782
3.8307228 6.435614 0.30645782
3.371036 10.726024 0.15322891
2.4516625 15.629349 -0.61291564
0.91937345 17.774553 2.7581203
0.30645782 18.693928 7.0485296
-1.532289 18.693928 8.580819
-3.064578 18.693928 9.040505
-2.4516625 18.693928 11.645397
-1.9919758 18.387468 9.80665
-1.532289 15.629349 7.3549876
-0.30645782 12.105083 4.7500963
