0.61291564 14.403518 2.1452048
0.30645782 17.774553 4.903325
-1.3790601 18.693928 6.742072
-2.1452048 18.693928 8.580819
-1.8387469 18.693928 10.113108
0.30645782 18.693928 10.419566
2.1452048 17.621325 6.2823853
-0.61291564 7.6614456 3.8307228
-4.2904096 -1.8387469 1.0726024
-3.8307228 -7.967903 0.15322891
1.2258313 -11.645397 -4.7500963
2.2984335 -16.089035 -4.596867
8.887277 -10.879252 -1.8387469
17.314867 -2.6048915 2.9113493
19.153614 4.903325 2.6048915
19.153614 10.879252 2.7581203
18.693928 13.024457 0.91937345
19.153614 16.701952 3.371036
14.709975 15.016433 5.9759274
11.032481 13.330915 7.5082164
4.903325 9.959879 8.887277
-5.056554 3.371036 7.967903
-15.629349 -4.2904096 3.064578
-19.6133 -17.774553 4.596867
-19.6133 -16.089035 2.2984335
-14.863204 -10.266336 1.532289
-6.435614 -6.435614 4.7500963
0.45968673 -1.3790601 3.9839516
4.1371803 2.2984335 2.6048915
5.8226986 6.2823853 0.61291564
6.895301 10.266336 0.45968673
5.209783 13.484144 -0.30645782
0.91937345 15.47612 -0.7661445
-0.91937345 18.540697 0.91937345
