2.4516625 11.951855 8.121132
0.45968673 13.177686 3.9839516
-0.30645782 14.250289 4.1371803
-0.45968673 15.629349 6.2823853
-1.2258313 16.548721 6.895301
-0.61291564 17.621325 6.435614
-0.45968673 17.927782 8.121132
-0.30645782 17.927782 7.3549876
-0.15322891 18.23424 6.742072
-0.15322891 16.85518 5.363012
-0.7661445 13.637373 4.596867
-1.685518 9.346964 3.5242648
-3.9839516 -0.7661445 -1.3790601
-1.9919758 -2.7581203 -2.9113493
0.7661445 -3.217807 1.0726024
1.3790601 -3.6774938 0.15322891
1.9919758 -3.371036 1.2258313
4.596867 -0.91937345 0.91937345
7.967903 2.9113493 0.91937345
9.959879 5.209783 -0.15322891
11.951855 8.42759 -1.0726024
13.9438305 10.419566 -1.2258313
13.790602 11.645397 -1.2258313
13.024457 11.798626 0.15322891
11.032481 10.726024 -0.91937345
7.5082164 8.274361 -0.30645782
4.596867 7.0485296 1.0726024
0.30645782 5.66947 2.1452048
-6.895301 4.2904096 4.1371803
-12.258312 0.61291564 6.895301
-15.7825775 -2.9113493 9.959879
-14.709975 -3.6774938 6.588843
-9.959879 -3.9839516 3.5242648
-6.895301 -1.8387469 2.6048915
-3.217807 0.91937345 0.7661445
1.685518 6.129156 -1.532289
1.8387469 7.0485296 -0.91937345
4.7500963 12.871228 1.2258313
4.7500963 17.774553 3.8307228
3.217807 18.693928 7.3549876
2.4516625 18.693928 4.7500963
2.4516625 18.693928 7.8146744
3.217807 18.693928 11.18571
