4.596867 13.024457 6.895301
3.9839516 14.097059 7.6614456
2.4516625 14.403518 7.8146744
1.2258313 16.395493 6.2823853
0.91937345 18.540697 6.2823853
-1.685518 18.693928 7.3549876
-1.532289 18.693928 7.5082164
-0.91937345 18.693928 7.201759
-0.91937345 18.693928 7.8146744
-0.15322891 17.468096 8.734048
-0.7661445 10.879252 7.8146744
-2.1452048 3.9839516 4.903325
-1.8387469 0.61291564 0.45968673
-0.61291564 -1.8387469 0.45968673
-0.61291564 -3.9839516 0.91937345
-0.15322891 -5.209783 0.45968673
1.2258313 -5.363012 0.45968673
3.5242648 -2.9113493 -1.2258313
5.66947 -0.91937345 -1.2258313
7.5082164 0.45968673 -0.91937345
8.580819 2.1452048 -0.30645782
9.80665 4.596867 -1.0726024
11.645397 7.3549876 -3.371036
13.024457 9.653421 -4.903325
14.5567465 12.871228 -5.363012
14.863204 14.250289 -5.209783
12.717999 13.484144 -2.2984335
8.274361 9.959879 0.7661445
3.9839516 8.274361 2.9113493
-0.15322891 9.653421 1.685518
-9.653421 2.1452048 5.5162406
-14.5567465 -2.4516625 7.201759
-14.403518 -1.3790601 7.967903
-11.798626 -2.2984335 8.42759
-9.040505 -2.7581203 6.895301
-5.9759274 -1.2258313 5.9759274
-1.685518 1.3790601 2.1452048
-0.15322891 2.4516625 2.1452048
1.0726024 3.5242648 -0.7661445
1.2258313 6.129156 -1.532289
1.2258313 7.967903 -2.1452048
0.45968673 11.645397 -2.2984335
1.685518 15.1696615 -1.3790601
4.2904096 18.693928 1.2258313
3.9839516 18.693928 5.056554
2.9113493 18.693928 8.42759
0.15322891 18.693928 8.580819
