4.2904096 8.274361 0.45968673
5.056554 9.346964 -1.8387469
6.435614 9.193734 0.30645782
7.5082164 9.80665 -0.30645782
8.42759 11.18571 -1.685518
12.105083 13.330915 -2.6048915
17.468096 13.637373 -1.685518
19.153614 10.113108 -5.66947
19.153614 7.5082164 -8.121132
19.153614 7.6614456 -6.742072
19.153614 3.8307228 2.4516625
19.153614 0.45968673 5.5162406
18.847157 -3.6774938 14.403518
19.153614 3.8307228 17.161638
15.7825775 5.363012 15.7825775
14.097059 3.371036 17.621325
15.629349 5.5162406 17.927782
13.024457 4.596867 13.637373
10.879252 3.6774938 9.959879
10.113108 1.9919758 8.121132
9.959879 2.6048915 8.121132
7.8146744 2.6048915 7.8146744
6.588843 0.7661445 7.201759
6.588843 0.45968673 7.6614456
6.435614 0.91937345 7.8146744
6.588843 3.064578 11.032481
