4.596867 9.193734 -1.3790601
4.1371803 7.8146744 -0.45968673
4.596867 9.193734 -0.30645782
5.8226986 11.032481 -0.15322891
7.201759 9.500193 1.0726024
6.895301 8.42759 -2.4516625
8.42759 9.346964 -3.9839516
9.040505 10.572795 -1.532289
9.500193 9.500193 0.7661445
8.42759 8.121132 1.3790601
8.121132 8.274361 1.685518
7.6614456 8.121132 2.1452048
9.193734 7.6614456 3.6774938
9.346964 6.895301 2.2984335
10.113108 7.6614456 1.9919758
10.266336 7.6614456 1.3790601
10.879252 7.5082164 1.532289
10.572795 6.588843 2.4516625
9.653421 5.8226986 3.217807
10.419566 7.0485296 3.371036
9.959879 6.588843 2.1452048
10.419566 6.2823853 2.6048915
10.266336 5.5162406 4.1371803
9.80665 4.7500963 5.66947
9.80665 5.056554 4.4436383
10.879252 5.363012 4.1371803
11.645397 5.9759274 5.056554
11.33894 4.903325 5.8226986
11.798626 3.9839516 6.2823853
8.580819 3.064578 8.274361
8.887277 3.5242648 8.580819
9.80665 1.9919758 12.564771
8.580819 2.2984335 18.540697
