0.61291564 9.653421 -0.15322891
3.9839516 12.105083 0.30645782
6.129156 13.177686 0.15322891
14.5567465 18.387468 -0.61291564
19.153614 18.693928 2.4516625
19.153614 18.693928 3.064578
19.153614 18.693928 4.7500963
19.153614 18.693928 6.2823853
19.153614 15.1696615 8.274361
19.153614 7.0485296 4.7500963
19.153614 2.9113493 5.9759274
19.153614 -0.30645782 11.33894
19.153614 -2.4516625 14.097059
18.693928 -7.0485296 11.951855
19.153614 -5.8226986 10.879252
19.153614 0.30645782 18.847157
18.540697 5.209783 18.847157
