2.4516625 7.3549876 0.91937345
3.6774938 11.18571 2.4516625
4.4436383 10.726024 1.685518
6.742072 13.024457 -1.8387469
11.18571 15.7825775 -1.8387469
16.395493 15.7825775 -2.6048915
17.161638 14.709975 -3.217807
18.23424 13.790602 -1.2258313
18.847157 12.871228 1.3790601
18.387468 10.419566 3.371036
17.468096 8.887277 5.209783
17.468096 8.42759 3.064578
16.548721 8.887277 0.61291564
17.774553 9.653421 2.1452048
17.774553 7.3549876 3.371036
16.395493 3.9839516 4.903325
15.016433 2.6048915 4.596867
14.403518 0.61291564 6.2823853
12.411542 -1.3790601 7.5082164
10.266336 -4.596867 8.274361
9.040505 -4.596867 10.113108
15.016433 -0.45968673 10.572795
