-0.15322891 9.040505 -1.0726024
-0.15322891 9.040505 -0.91937345
-0.91937345 7.3549876 -1.2258313
0.61291564 8.42759 -2.7581203
-2.1452048 0.7661445 0.7661445
-7.5082164 -5.9759274 1.2258313
-11.032481 -8.887277 3.9839516
-12.258312 -10.419566 5.66947
-11.33894 -10.113108 7.3549876
-7.5082164 -6.895301 7.6614456
-3.371036 -0.30645782 7.3549876
-2.1452048 3.217807 5.363012
-0.15322891 6.895301 7.3549876
5.66947 14.250289 6.129156
14.403518 18.693928 8.121132
19.153614 18.693928 9.80665
19.153614 18.693928 10.419566
19.153614 18.693928 5.209783
19.153614 18.693928 1.3790601
19.153614 6.742072 2.1452048
13.024457 -1.685518 4.4436383
6.742072 -4.903325 7.8146744
1.532289 -3.064578 7.5082164
-5.5162406 -1.685518 7.3549876
-15.629349 11.492168 11.492168
-19.6133 17.774553 18.693928
-19.6133 17.161638 18.847157
-18.693928 18.693928 18.847157
-11.951855 18.693928 11.18571
-7.6614456 18.693928 8.42759
-6.129156 13.790602 6.435614
-5.056554 5.66947 7.3549876
-1.9919758 0.61291564 4.7500963
-1.9919758 -1.0726024 2.4516625
2.9113493 -1.8387469 1.0726024
5.66947 -1.8387469 0.91937345
10.266336 0.45968673 -1.0726024
10.726024 1.8387469 -1.0726024
