-1.0726024 8.121132 -1.532289
-0.7661445 8.274361 -1.2258313
-1.2258313 7.3549876 1.0726024
-1.2258313 7.201759 1.8387469
-0.30645782 5.66947 0.15322891
-3.6774938 0.15322891 3.217807
-7.0485296 -1.685518 3.5242648
-9.346964 -3.5242648 4.7500963
-9.040505 -3.8307228 5.9759274
-6.2823853 -0.30645782 4.2904096
-3.371036 3.371036 2.9113493
1.0726024 7.6614456 3.6774938
3.6774938 11.33894 1.685518
4.1371803 13.790602 2.6048915
7.8146744 17.621325 3.5242648
11.798626 18.693928 3.064578
15.7825775 18.693928 3.5242648
15.7825775 18.693928 2.6048915
16.089035 16.395493 2.7581203
15.7825775 12.411542 1.9919758
13.9438305 8.734048 1.3790601
12.411542 6.588843 0.7661445
9.653421 4.7500963 1.0726024
8.734048 4.903325 1.9919758
6.2823853 5.056554 3.8307228
3.217807 4.4436383 6.742072
0.91937345 5.209783 9.040505
-7.201759 7.967903 10.726024
-12.564771 8.121132 11.492168
-14.5567465 7.3549876 13.9438305
-14.403518 8.887277 12.411542
-13.790602 12.411542 10.113108
-12.717999 14.250289 9.193734
-10.266336 15.47612 9.500193
-7.5082164 16.395493 7.8146744
-5.66947 17.314867 6.895301
-3.5242648 17.774553 7.201759
-3.064578 17.774553 5.8226986
-1.8387469 16.242264 5.9759274
-1.532289 14.403518 2.7581203
-0.30645782 12.105083 1.532289
0.7661445 9.500193 1.2258313
2.4516625 6.895301 0.7661445
4.7500963 3.064578 -0.30645782
5.056554 1.532289 -0.61291564
4.4436383 0.7661445 1.2258313
4.596867 0.30645782 1.3790601
3.217807 1.0726024 1.8387469
