-1.0726024 7.6614456 1.8387469
-1.3790601 7.967903 1.8387469
-0.61291564 8.274361 -0.45968673
-2.1452048 6.2823853 1.0726024
-2.7581203 4.903325 1.685518
-3.8307228 1.9919758 3.064578
-5.8226986 -1.685518 4.1371803
-6.588843 -1.685518 3.217807
-5.9759274 -1.2258313 3.6774938
-4.4436383 -0.91937345 4.4436383
-2.9113493 1.2258313 3.9839516
-3.5242648 2.4516625 0.91937345
0.61291564 9.959879 2.9113493
3.8307228 15.322891 1.685518
9.040505 18.693928 5.056554
14.250289 18.693928 5.5162406
16.701952 18.693928 5.363012
15.47612 18.693928 6.129156
13.9438305 17.314867 4.903325
14.709975 14.097059 4.4436383
15.935806 12.258312 2.1452048
16.089035 9.040505 1.3790601
15.1696615 6.588843 0.45968673
13.9438305 5.66947 -0.30645782
12.717999 4.2904096 1.8387469
11.492168 3.6774938 3.8307228
9.653421 3.8307228 5.9759274
6.588843 3.8307228 7.6614456
2.7581203 4.2904096 9.500193
-1.3790601 5.9759274 9.193734
-7.3549876 7.5082164 10.113108
-11.33894 6.435614 15.322891
-14.097059 4.7500963 15.7825775
-13.330915 6.895301 12.564771
-12.564771 11.18571 9.500193
-13.024457 12.411542 9.193734
-12.564771 13.024457 9.959879
-11.798626 13.790602 9.959879
-11.032481 15.322891 8.274361
-9.346964 15.935806 8.42759
-7.8146744 15.935806 7.6614456
-5.056554 16.548721 7.5082164
-4.1371803 15.1696615 7.5082164
-1.0726024 12.258312 3.9839516
0.91937345 11.33894 1.2258313
3.9839516 11.18571 1.0726024
4.1371803 8.121132 0.15322891
4.2904096 4.596867 0.61291564
4.2904096 3.371036 0.30645782
3.9839516 1.9919758 0.61291564
4.1371803 2.2984335 0.15322891
3.9839516 1.8387469 0.91937345
3.9839516 1.0726024 1.2258313
1.3790601 1.532289 -1.0726024
