-1.9919758 6.435614 -0.91937345
-2.4516625 5.363012 -0.61291564
-1.9919758 5.056554 -0.61291564
-1.685518 5.5162406 -0.61291564
-1.0726024 3.9839516 1.685518
-6.435614 -1.0726024 1.9919758
-5.9759274 -0.30645782 2.4516625
-5.056554 0.30645782 3.371036
-4.903325 0.91937345 2.4516625
-1.532289 4.903325 3.6774938
2.4516625 9.346964 2.7581203
3.9839516 11.798626 1.685518
2.9113493 11.492168 3.371036
5.5162406 14.709975 2.7581203
5.363012 16.089035 2.9113493
4.2904096 14.250289 4.4436383
5.5162406 15.016433 5.5162406
7.5082164 16.548721 6.2823853
7.6614456 15.935806 6.742072
5.9759274 13.484144 7.0485296
4.7500963 11.492168 7.3549876
6.129156 12.258312 5.8226986
7.6614456 13.637373 5.056554
7.6614456 12.564771 5.056554
6.2823853 10.572795 4.596867
5.363012 9.193734 3.9839516
7.0485296 9.959879 4.2904096
8.274361 10.726024 4.7500963
7.6614456 9.193734 4.596867
5.5162406 5.9759274 5.5162406
3.5242648 5.056554 4.596867
3.8307228 5.9759274 4.7500963
2.9113493 5.209783 5.66947
1.8387469 5.8226986 6.129156
1.3790601 5.8226986 6.742072
1.0726024 7.0485296 6.2823853
0.91937345 6.742072 6.742072
-0.15322891 6.895301 7.5082164
-1.0726024 7.201759 6.742072
-2.6048915 7.0485296 5.9759274
-4.1371803 7.8146744 7.201759
-6.742072 7.201759 6.895301
-8.42759 7.6614456 7.6614456
-8.580819 8.887277 7.8146744
-9.959879 9.346964 6.588843
-9.346964 10.419566 5.5162406
-7.967903 12.105083 6.2823853
-6.895301 13.177686 6.2823853
-7.201759 13.9438305 5.66947
-7.3549876 13.9438305 5.9759274
-6.588843 14.097059 7.0485296
-5.66947 15.1696615 7.6614456
-4.4436383 14.250289 8.121132
-3.064578 14.709975 8.274361
-2.4516625 14.097059 6.435614
-1.3790601 12.717999 4.2904096
-0.15322891 11.645397 4.2904096
0.91937345 11.032481 4.2904096
1.0726024 9.346964 3.5242648
0.30645782 7.5082164 2.9113493
0.15322891 6.895301 1.3790601
0.15322891 5.66947 1.0726024
1.532289 5.5162406 1.2258313
2.6048915 5.9759274 0.30645782
2.9113493 4.7500963 -0.30645782
3.9839516 3.5242648 -0.61291564
4.2904096 1.685518 -0.30645782
3.064578 1.0726024 0.91937345
1.9919758 1.685518 0.45968673
