-1.0726024 8.121132 -1.9919758
-0.15322891 9.040505 -1.8387469
-0.45968673 8.42759 -0.91937345
-1.2258313 7.6614456 0.15322891
-0.45968673 7.8146744 -2.1452048
-0.91937345 5.8226986 -1.685518
-2.2984335 5.209783 -1.532289
-3.064578 4.1371803 -0.91937345
-2.9113493 3.371036 -0.15322891
-3.371036 2.9113493 1.3790601
-4.596867 1.8387469 1.9919758
-6.588843 0.30645782 1.3790601
-4.1371803 2.6048915 3.9839516
-1.2258313 5.66947 3.8307228
-2.6048915 5.363012 2.4516625
-1.0726024 6.895301 2.1452048
1.0726024 9.193734 2.2984335
1.532289 10.113108 2.2984335
0.91937345 9.80665 3.5242648
3.6774938 12.258312 3.5242648
5.056554 15.016433 4.903325
5.66947 14.709975 5.66947
9.80665 17.774553 3.6774938
11.032481 18.23424 3.064578
10.726024 16.548721 4.1371803
8.580819 12.717999 5.5162406
8.274361 10.879252 4.903325
7.8146744 9.040505 4.1371803
7.201759 7.967903 3.6774938
6.742072 6.588843 5.5162406
6.2823853 6.129156 5.9759274
5.5162406 6.2823853 5.056554
5.056554 6.588843 4.7500963
3.8307228 6.588843 4.596867
2.6048915 6.435614 5.66947
0.91937345 6.129156 5.9759274
-0.15322891 6.2823853 6.129156
-0.7661445 6.742072 5.9759274
-1.532289 7.8146744 5.66947
-1.9919758 8.274361 5.5162406
-3.064578 7.5082164 5.9759274
-5.209783 7.201759 5.8226986
-6.2823853 8.887277 5.363012
-6.742072 9.500193 6.895301
-7.201759 9.80665 4.903325
-7.201759 10.726024 3.9839516
-6.2823853 11.33894 4.4436383
-5.8226986 11.492168 5.9759274
-6.435614 11.33894 4.596867
-4.903325 13.484144 5.66947
-3.8307228 15.322891 5.8226986
-3.8307228 15.629349 6.129156
-2.6048915 16.701952 5.66947
-2.1452048 16.701952 4.7500963
-1.685518 15.1696615 5.209783
-1.532289 13.024457 5.66947
-1.2258313 11.951855 4.2904096
-0.45968673 10.879252 3.9839516
0.30645782 9.500193 3.9839516
1.2258313 8.42759 3.9839516
1.685518 7.201759 3.217807
2.4516625 5.8226986 2.7581203
2.4516625 4.1371803 0.45968673
2.9113493 2.9113493 -0.45968673
3.9839516 3.064578 -1.2258313
3.217807 2.7581203 -0.45968673
2.9113493 2.6048915 0.61291564
1.3790601 1.9919758 0.7661445
2.2984335 4.4436383 -0.7661445
2.9113493 5.8226986 -0.45968673
2.4516625 6.742072 -1.0726024
2.4516625 7.3549876 -1.3790601
2.7581203 8.274361 -1.0726024
2.1452048 8.580819 -1.532289
