-2.2984335 2.9113493 -1.3790601
-4.2904096 -0.45968673 -0.61291564
-9.193734 -4.7500963 3.6774938
-10.879252 -7.8146744 4.2904096
-5.66947 -4.4436383 6.742072
-2.4516625 -0.61291564 4.4436383
-0.61291564 3.217807 2.6048915
1.3790601 6.588843 2.1452048
4.2904096 11.798626 3.217807
6.435614 16.701952 1.532289
7.8146744 18.540697 2.9113493
9.040505 18.693928 4.1371803
12.717999 18.693928 4.7500963
14.863204 18.693928 5.9759274
18.23424 18.540697 5.8226986
18.693928 15.935806 5.363012
17.00841 10.879252 3.9839516
14.403518 7.967903 3.6774938
11.33894 5.9759274 3.6774938
8.580819 5.056554 4.7500963
1.3790601 1.532289 7.8146744
-1.0726024 2.6048915 7.967903
-5.056554 3.5242648 6.742072
-6.742072 4.4436383 11.032481
-9.500193 6.742072 13.484144
-11.798626 9.653421 13.790602
-12.258312 17.314867 16.242264
-11.798626 18.693928 15.322891
-10.113108 18.693928 12.717999
-8.887277 18.693928 13.177686
-6.588843 18.23424 11.798626
-4.2904096 17.468096 9.500193
-2.6048915 14.709975 7.8146744
2.1452048 7.8146744 7.0485296
2.7581203 4.7500963 2.9113493
3.217807 2.4516625 1.0726024
2.6048915 1.2258313 -1.0726024
4.7500963 1.532289 -1.2258313
4.4436383 1.0726024 -1.8387469
4.7500963 0.7661445 -1.2258313
4.7500963 0.7661445 0.15322891
3.9839516 0.61291564 0.15322891
