0.91937345 -0.91937345 -0.45968673
2.9113493 -0.15322891 -1.0726024
3.9839516 0.15322891 -2.2984335
3.8307228 -0.30645782 -0.7661445
5.9759274 -0.7661445 0.7661445
5.056554 -1.2258313 1.0726024
3.6774938 -1.8387469 -0.7661445
2.4516625 -1.8387469 -0.61291564
2.1452048 -1.2258313 -0.30645782
1.0726024 -1.2258313 0.91937345
0.15322891 1.3790601 2.9113493
-1.532289 3.217807 3.5242648
-2.4516625 8.887277 5.363012
-1.0726024 14.5567465 9.500193
-3.5242648 15.935806 14.097059
-6.742072 16.395493 15.322891
-8.580819 18.693928 14.709975
-4.903325 18.693928 15.935806
-3.371036 18.693928 14.863204
-3.5242648 18.387468 9.500193
-2.7581203 18.23424 6.588843
-0.61291564 18.693928 6.435614
0.61291564 18.693928 7.0485296
1.685518 17.468096 7.201759
1.685518 16.85518 7.6614456
0.61291564 12.717999 6.742072
0.15322891 12.258312 6.895301
0.15322891 11.951855 6.895301
0.61291564 11.798626 7.5082164
-0.45968673 11.032481 5.209783
-0.45968673 11.032481 5.9759274
-0.91937345 10.726024 6.895301
-0.30645782 9.653421 7.0485296
-0.30645782 8.580819 4.903325
0.15322891 7.5082164 1.532289
-0.30645782 5.66947 5.209783
-1.3790601 2.1452048 5.209783
-3.064578 -1.532289 1.0726024
-3.9839516 -2.1452048 4.4436383
