2.7581203 0.91937345 0.61291564
4.1371803 -0.15322891 1.532289
4.596867 -0.91937345 2.4516625
4.2904096 -1.532289 1.685518
4.7500963 -2.4516625 1.685518
3.8307228 -1.8387469 2.2984335
2.6048915 -1.3790601 1.3790601
2.2984335 -0.7661445 -0.30645782
2.7581203 0.61291564 0.45968673
1.685518 1.3790601 1.3790601
0.15322891 3.217807 2.4516625
0.15322891 8.734048 3.6774938
-2.7581203 10.113108 5.5162406
-3.371036 18.693928 12.564771
-6.435614 18.693928 13.9438305
-7.6614456 17.314867 18.23424
-4.4436383 18.693928 11.492168
-1.9919758 18.693928 9.653421
-0.30645782 18.693928 9.959879
1.0726024 18.693928 8.887277
1.2258313 18.693928 7.6614456
1.2258313 17.161638 8.121132
0.45968673 15.322891 7.967903
-0.30645782 13.637373 8.734048
-0.45968673 12.564771 9.653421
-1.2258313 11.33894 8.734048
-1.9919758 10.266336 7.8146744
-0.61291564 9.653421 8.274361
-0.30645782 7.8146744 6.435614
0.30645782 6.895301 5.8226986
-0.45968673 4.4436383 3.5242648
-0.91937345 2.1452048 1.8387469
-1.2258313 1.2258313 0.61291564
-1.685518 0.91937345 -0.91937345
-1.532289 0.7661445 -0.61291564
-3.064578 0.45968673 1.685518
-2.1452048 1.685518 1.0726024
