10.266336 -4.596867 1.2258313
8.274361 -8.42759 -0.15322891
6.435614 -9.040505 -3.6774938
6.895301 -4.7500963 -1.532289
3.064578 -5.5162406 1.8387469
1.685518 -3.8307228 1.0726024
0.7661445 -1.3790601 3.064578
1.0726024 2.7581203 5.209783
2.4516625 6.129156 8.734048
-0.45968673 10.419566 8.274361
-5.66947 14.5567465 9.346964
-6.435614 18.693928 18.847157
-7.201759 18.693928 18.847157
-7.3549876 18.693928 18.847157
-4.7500963 18.693928 16.85518
0.45968673 18.693928 13.637373
2.2984335 18.693928 11.951855
1.0726024 18.693928 11.33894
-1.532289 18.693928 13.024457
1.0726024 15.935806 11.33894
0.45968673 9.193734 10.879252
-1.532289 1.0726024 8.274361
-3.8307228 -7.3549876 4.2904096
-2.2984335 -7.6614456 5.209783
-1.9919758 -7.3549876 0.61291564
-1.9919758 -4.903325 0.91937345
-1.532289 1.8387469 0.61291564
-1.532289 4.1371803 -0.45968673
