5.209783 5.8226986 -4.7500963
5.8226986 4.7500963 -0.15322891
5.363012 2.9113493 -0.30645782
5.8226986 2.1452048 -0.45968673
5.8226986 0.91937345 -1.0726024
6.588843 -3.064578 -0.45968673
5.209783 -3.9839516 -0.45968673
4.903325 -3.5242648 0.45968673
4.1371803 -2.2984335 0.61291564
4.2904096 -1.532289 1.2258313
2.9113493 -1.0726024 0.45968673
1.8387469 -0.30645782 1.9919758
3.064578 3.064578 7.201759
1.0726024 6.588843 10.113108
-11.645397 8.42759 14.403518
-5.9759274 17.774553 18.847157
-5.5162406 18.693928 13.024457
-5.056554 18.693928 16.242264
-5.056554 18.693928 13.330915
-3.8307228 18.693928 10.726024
-2.1452048 18.693928 10.726024
0.15322891 18.693928 11.18571
0.45968673 18.693928 9.346964
0.61291564 18.693928 11.492168
0.45968673 18.693928 11.798626
0.45968673 18.693928 11.645397
2.2984335 18.693928 11.951855
3.064578 17.927782 8.274361
2.7581203 11.032481 8.274361
-1.9919758 -4.596867 7.8146744
-2.6048915 -9.193734 7.5082164
-3.064578 -9.80665 3.217807
-3.217807 -9.80665 2.1452048
-3.9839516 -10.266336 1.685518
-3.217807 -7.0485296 2.7581203
