8.580819 10.266336 -3.064578
9.500193 8.887277 -0.30645782
11.032481 6.742072 -1.2258313
14.097059 7.6614456 -0.7661445
18.387468 10.879252 0.45968673
19.153614 11.032481 2.6048915
13.330915 9.80665 -2.6048915
10.879252 8.121132 -3.8307228
6.588843 7.0485296 -0.91937345
-1.532289 1.9919758 0.7661445
-9.500193 -1.0726024 3.6774938
-19.6133 -5.209783 18.847157
-19.6133 -8.274361 18.387468
-19.6133 -3.9839516 11.951855
-19.460072 -2.1452048 13.024457
-13.637373 -1.532289 14.097059
-8.274361 1.3790601 14.097059
-0.15322891 6.588843 7.5082164
7.201759 13.024457 10.419566
8.580819 14.709975 7.3549876
9.346964 11.798626 5.209783
19.153614 18.08101 10.266336
19.153614 18.693928 6.895301
19.153614 15.1696615 -2.6048915
19.153614 12.105083 -1.532289
19.153614 9.959879 -1.532289
12.411542 4.596867 4.2904096
7.8146744 1.0726024 7.6614456
5.5162406 0.91937345 12.258312
2.6048915 5.5162406 14.5567465
-1.0726024 7.201759 14.5567465
-4.2904096 7.967903 14.863204
-6.129156 8.580819 16.395493
-9.193734 10.726024 16.548721
-11.492168 11.798626 13.9438305
-10.879252 10.572795 14.097059
-8.887277 10.266336 14.5567465
