8.121132 6.895301 -2.2984335
11.798626 8.580819 -0.91937345
11.951855 8.580819 0.15322891
11.645397 7.6614456 0.15322891
12.258312 7.967903 -1.685518
11.951855 7.3549876 0.30645782
11.492168 9.040505 0.30645782
11.18571 9.193734 -0.30645782
10.113108 8.580819 1.685518
8.734048 8.42759 2.2984335
7.0485296 8.121132 1.9919758
5.363012 8.42759 1.2258313
2.9113493 8.887277 0.91937345
-0.45968673 7.6614456 1.8387469
-5.209783 4.1371803 2.1452048
-6.742072 7.967903 -0.30645782
-11.492168 6.2823853 2.7581203
-17.314867 5.056554 8.734048
-18.540697 4.7500963 7.3549876
-16.395493 3.9839516 5.209783
-14.403518 3.064578 5.5162406
-13.024457 2.1452048 5.9759274
-11.33894 0.7661445 5.363012
-8.42759 1.8387469 5.056554
-4.4436383 4.4436383 5.363012
-2.1452048 6.2823853 5.056554
-2.4516625 5.363012 3.217807
-1.2258313 4.596867 4.2904096
4.4436383 10.726024 6.588843
6.2823853 13.330915 6.129156
3.371036 10.113108 4.596867
1.8387469 5.8226986 6.435614
15.322891 17.314867 10.113108
16.395493 18.540697 8.734048
15.322891 14.863204 7.6614456
18.387468 15.1696615 5.209783
19.153614 15.629349 3.217807
19.000385 13.330915 2.9113493
14.097059 7.8146744 2.1452048
11.798626 5.5162406 3.217807
10.419566 5.66947 5.5162406
8.887277 5.209783 8.42759
6.2823853 3.371036 8.887277
3.9839516 2.6048915 8.580819
2.4516625 2.6048915 8.734048
1.2258313 4.4436383 9.653421
-0.91937345 7.3549876 10.266336
-4.1371803 7.967903 9.80665
-6.742072 6.742072 10.266336
-8.580819 7.3549876 10.879252
-8.274361 9.959879 9.040505
-7.8146744 10.879252 9.040505
-7.201759 10.419566 11.18571
