8.274361 7.8146744 -1.685518
8.580819 7.967903 -1.9919758
9.959879 8.121132 -0.45968673
10.572795 8.734048 -0.91937345
10.726024 8.734048 -2.9113493
11.645397 7.8146744 -3.6774938
11.645397 9.193734 -0.7661445
9.959879 8.887277 -1.532289
8.887277 8.42759 -1.685518
7.967903 8.121132 -1.2258313
5.5162406 7.3549876 0.45968673
2.4516625 7.3549876 1.685518
-0.61291564 6.895301 2.9113493
-4.596867 6.435614 4.2904096
-8.580819 7.201759 5.209783
-14.403518 7.201759 10.419566
-16.395493 5.363012 8.887277
-17.161638 5.363012 5.66947
-17.468096 3.5242648 4.903325
-15.7825775 -0.30645782 8.734048
-15.1696615 -2.6048915 4.4436383
-13.330915 -3.371036 2.4516625
-11.798626 -2.6048915 2.9113493
-9.500193 -0.7661445 7.6614456
-6.895301 0.15322891 7.8146744
-4.7500963 1.0726024 5.5162406
-3.217807 1.9919758 5.8226986
1.9919758 7.0485296 9.500193
6.742072 12.411542 10.572795
7.0485296 13.484144 8.887277
7.6614456 13.9438305 7.6614456
11.645397 17.314867 12.717999
19.153614 18.693928 11.951855
19.153614 15.7825775 5.8226986
19.153614 14.5567465 4.7500963
19.153614 15.7825775 3.8307228
19.153614 15.1696615 1.9919758
16.548721 6.588843 4.2904096
12.564771 2.7581203 5.66947
10.113108 3.064578 8.274361
4.7500963 4.903325 12.105083
-2.7581203 4.903325 14.097059
-5.9759274 6.129156 14.403518
-9.80665 7.3549876 15.935806
-13.024457 7.201759 18.08101
-13.9438305 6.435614 17.314867
-12.258312 6.895301 14.863204
