11.951855 7.3549876 1.8387469
14.250289 5.66947 -1.0726024
15.7825775 4.903325 -1.0726024
17.314867 6.895301 -1.685518
19.153614 9.193734 -5.209783
19.153614 9.80665 -3.9839516
15.935806 7.5082164 -1.9919758
11.645397 3.217807 0.7661445
7.8146744 3.064578 1.3790601
3.064578 3.8307228 -0.30645782
-4.7500963 2.9113493 8.121132
-19.6133 -5.5162406 18.847157
-19.6133 -18.847157 16.242264
-19.6133 -14.709975 7.201759
-19.6133 -9.193734 15.322891
-12.411542 -2.4516625 18.847157
-6.588843 -1.3790601 17.161638
-0.91937345 -0.15322891 15.629349
9.040505 7.201759 17.468096
18.847157 18.540697 17.161638
19.153614 18.693928 14.403518
19.153614 17.927782 13.790602
19.153614 18.693928 9.040505
19.153614 18.693928 0.30645782
19.153614 16.242264 -1.8387469
19.153614 12.411542 -0.91937345
17.314867 7.5082164 2.1452048
11.798626 4.903325 4.903325
6.588843 4.4436383 12.258312
3.217807 5.5162406 15.016433
-1.685518 7.201759 14.250289
-6.435614 3.9839516 12.871228
-11.032481 1.9919758 13.177686
-10.266336 6.895301 18.847157
-11.798626 4.596867 17.00841
-9.959879 5.056554 13.790602
-6.2823853 7.201759 11.18571
-3.371036 7.8146744 7.8146744
-1.9919758 7.8146744 6.435614
