6.2823853 3.6774938 0.61291564
7.5082164 4.7500963 -1.532289
10.572795 8.887277 -0.7661445
11.33894 8.734048 -2.2984335
11.798626 8.580819 -3.371036
12.871228 9.346964 -3.371036
11.645397 9.500193 -3.371036
10.879252 9.040505 -1.9919758
8.887277 9.040505 1.0726024
7.3549876 8.580819 1.3790601
3.6774938 6.588843 3.064578
-0.15322891 3.9839516 3.9839516
-3.8307228 4.4436383 2.7581203
-6.742072 7.8146744 2.1452048
-16.395493 2.4516625 8.734048
-18.693928 2.7581203 9.653421
-16.85518 3.064578 5.66947
-15.016433 2.2984335 3.8307228
-13.330915 1.3790601 4.4436383
-12.411542 1.2258313 6.2823853
-11.798626 0.45968673 5.66947
-8.42759 -0.15322891 1.3790601
-7.6614456 -0.7661445 3.371036
-4.7500963 2.9113493 8.42759
-4.903325 0.7661445 5.8226986
-2.9113493 1.532289 5.056554
3.8307228 8.734048 7.6614456
9.193734 16.089035 11.33894
9.193734 16.548721 8.42759
10.113108 12.871228 6.895301
13.9438305 15.322891 9.040505
19.153614 18.693928 11.492168
19.153614 18.693928 10.419566
19.153614 16.701952 8.887277
19.153614 14.250289 9.040505
19.153614 14.097059 8.274361
16.548721 12.564771 6.435614
13.790602 9.80665 2.9113493
10.572795 6.742072 5.056554
8.42759 5.056554 5.9759274
7.201759 4.1371803 6.435614
5.056554 2.4516625 6.588843
2.4516625 0.7661445 6.895301
1.0726024 1.0726024 7.0485296
0.30645782 5.209783 10.266336
-2.4516625 7.3549876 11.33894
-5.8226986 4.7500963 11.18571
-7.201759 3.6774938 11.33894
-6.129156 6.895301 12.411542
-5.056554 9.959879 14.097059
-5.5162406 9.500193 14.5567465
-5.209783 8.42759 13.330915
