KMEANS_QUANTIZER_FILE_V1.0
QuantizerTrained: 1
NumClusters: 20
Clusters: 
0.500889 6.37137 0.6252 
7.78051 13.82 6.89886 
-0.982428 15.3048 8.70995 
3.36188 17.7599 16.6942 
-7.68294 16.4234 16.9215 
16.9697 9.09357 -3.98663 
1.43634 9.81084 4.9487 
7.4091 8.18029 1.4383 
-3.3578 8.35702 7.06646 
-6.15836 5.10651 1.82066 
15.2812 -0.469087 8.55888 
4.98933 -1.16937 -0.00262603 
-7.39792 -17.1914 -0.533659 
-1.68056 -7.36538 3.33161 
-2.05111 0.738786 0.737462 
-17.5546 -10.5206 12.9252 
10.3304 -15.051 -5.44304 
-13.1404 1.84347 9.91585 
17.3329 17.1439 8.80306 
4.2192 3.58423 8.65174 
